OffAxisData = [
 0.00000000e+00 1.00000000e+00
 8.85000000e-03 1.00000000e+00
 1.77100000e-02 1.00000000e+00
 2.65600000e-02 1.00000000e+00
 3.54200000e-02 1.00000000e+00
 4.42700000e-02 1.00000000e+00
 5.31300000e-02 9.90000000e-01
 6.19800000e-02 9.90000000e-01
 7.08300000e-02 9.90000000e-01
 7.96900000e-02 9.90000000e-01
 8.85400000e-02 9.90000000e-01
 9.74000000e-02 9.90000000e-01
 1.06250000e-01 9.90000000e-01
 1.15100000e-01 9.80000000e-01
 1.23960000e-01 9.70000000e-01
 1.32810000e-01 9.70000000e-01
 1.41670000e-01 9.70000000e-01
 1.50520000e-01 9.60000000e-01
 1.59380000e-01 9.60000000e-01
 1.68230000e-01 9.50000000e-01
 1.77080000e-01 9.40000000e-01
 1.85940000e-01 9.40000000e-01
 1.94790000e-01 9.30000000e-01
 2.03650000e-01 9.20000000e-01
 2.12500000e-01 9.00000000e-01
 2.21350000e-01 8.90000000e-01
 2.30210000e-01 8.90000000e-01
 2.39060000e-01 8.80000000e-01
 2.47920000e-01 8.70000000e-01
 2.56770000e-01 8.50000000e-01
 2.65630000e-01 8.40000000e-01
 2.74480000e-01 8.20000000e-01
 2.83330000e-01 8.00000000e-01
 2.92190000e-01 7.80000000e-01
 3.01040000e-01 7.60000000e-01
 3.09900000e-01 7.40000000e-01
 3.18750000e-01 7.20000000e-01
 3.27600000e-01 6.90000000e-01
 3.36460000e-01 6.70000000e-01
 3.45310000e-01 6.40000000e-01
 3.54170000e-01 6.10000000e-01
 3.63020000e-01 5.80000000e-01
 3.71880000e-01 5.50000000e-01
 3.80730000e-01 5.20000000e-01
 3.89580000e-01 4.80000000e-01
 3.98440000e-01 4.60000000e-01
 4.07290000e-01 4.30000000e-01
 4.16150000e-01 4.10000000e-01
 4.25000000e-01 3.80000000e-01
 4.33850000e-01 3.60000000e-01
 4.42710000e-01 3.30000000e-01
 4.51560000e-01 3.10000000e-01
 4.60420000e-01 2.90000000e-01
 4.69270000e-01 2.60000000e-01
 4.78130000e-01 2.50000000e-01
 4.86980000e-01 2.30000000e-01
 4.95830000e-01 2.20000000e-01
 5.04690000e-01 2.00000000e-01
 5.13540000e-01 1.90000000e-01
 5.22400000e-01 1.70000000e-01
 5.31250000e-01 1.70000000e-01
 5.40100000e-01 1.60000000e-01
 5.48960000e-01 1.50000000e-01
 5.57810000e-01 1.40000000e-01
 5.66670000e-01 1.30000000e-01
 5.75520000e-01 1.30000000e-01
 5.84380000e-01 1.20000000e-01
 5.93230000e-01 1.20000000e-01
 6.02080000e-01 1.10000000e-01
 6.10940000e-01 1.10000000e-01
 6.19790000e-01 1.00000000e-01
 6.28650000e-01 1.00000000e-01
 6.37500000e-01 9.00000000e-02
 6.46350000e-01 9.00000000e-02
 6.55210000e-01 9.00000000e-02
 6.64060000e-01 9.00000000e-02
 6.72920000e-01 8.00000000e-02
 6.81770000e-01 8.00000000e-02
 6.90630000e-01 8.00000000e-02
 6.99480000e-01 8.00000000e-02
 7.08330000e-01 8.00000000e-02
 7.17190000e-01 7.00000000e-02
 7.26040000e-01 7.00000000e-02
 7.34900000e-01 6.00000000e-02
 7.43750000e-01 6.00000000e-02
 7.52600000e-01 6.00000000e-02
 7.61460000e-01 6.00000000e-02
 7.70310000e-01 6.00000000e-02
 7.79170000e-01 6.00000000e-02
 7.88020000e-01 6.00000000e-02
 7.96880000e-01 5.00000000e-02
 8.05730000e-01 5.00000000e-02
 8.14580000e-01 5.00000000e-02
 8.23440000e-01 5.00000000e-02
 8.32290000e-01 5.00000000e-02
 8.41150000e-01 5.00000000e-02
 8.50000000e-01 5.00000000e-02
 8.58850000e-01 5.00000000e-02
 8.67710000e-01 5.00000000e-02
 8.76560000e-01 4.00000000e-02
 8.85420000e-01 5.00000000e-02
 8.94270000e-01 5.00000000e-02
 9.03130000e-01 4.00000000e-02
 9.11980000e-01 5.00000000e-02
 9.20830000e-01 5.00000000e-02
 9.29690000e-01 4.00000000e-02
 9.38540000e-01 4.00000000e-02
 9.47400000e-01 4.00000000e-02
 9.56250000e-01 4.00000000e-02
 9.65100000e-01 4.00000000e-02
 9.73960000e-01 4.00000000e-02
 9.82810000e-01 4.00000000e-02
 9.91670000e-01 4.00000000e-02
 1.00052000e+00 4.00000000e-02
 1.00938000e+00 3.00000000e-02
 1.01823000e+00 4.00000000e-02
 1.02708000e+00 3.00000000e-02
 1.03594000e+00 4.00000000e-02
 1.04479000e+00 3.00000000e-02
 1.05365000e+00 3.00000000e-02
 1.06250000e+00 4.00000000e-02
 1.07135000e+00 3.00000000e-02
 1.08021000e+00 3.00000000e-02
 1.08906000e+00 3.00000000e-02
 1.09792000e+00 3.00000000e-02
 1.10677000e+00 3.00000000e-02
 1.11563000e+00 3.00000000e-02
 1.12448000e+00 3.00000000e-02
 1.13333000e+00 3.00000000e-02
 1.14219000e+00 3.00000000e-02
 1.15104000e+00 3.00000000e-02
 1.15990000e+00 3.00000000e-02
 1.16875000e+00 3.00000000e-02
 1.17760000e+00 3.00000000e-02
 1.18646000e+00 3.00000000e-02
 1.19531000e+00 3.00000000e-02
 1.20417000e+00 3.00000000e-02
 1.21302000e+00 3.00000000e-02
 1.22188000e+00 3.00000000e-02
 1.23073000e+00 3.00000000e-02
 1.23958000e+00 3.00000000e-02
 1.24844000e+00 3.00000000e-02
 1.25729000e+00 3.00000000e-02
 1.26615000e+00 3.00000000e-02
 1.27500000e+00 3.00000000e-02
 1.28385000e+00 3.00000000e-02
 1.29271000e+00 3.00000000e-02
 1.30156000e+00 3.00000000e-02
 1.31042000e+00 3.00000000e-02
 1.31927000e+00 3.00000000e-02
 1.32813000e+00 3.00000000e-02
 1.33698000e+00 3.00000000e-02
 1.34583000e+00 3.00000000e-02
 1.35469000e+00 3.00000000e-02
 1.36354000e+00 3.00000000e-02
 1.37240000e+00 2.00000000e-02
 1.38125000e+00 3.00000000e-02
 1.39010000e+00 3.00000000e-02
 1.39896000e+00 3.00000000e-02
 1.40781000e+00 3.00000000e-02
 1.41667000e+00 3.00000000e-02
 1.42552000e+00 3.00000000e-02
 1.43438000e+00 3.00000000e-02
 1.44323000e+00 3.00000000e-02
 1.45208000e+00 3.00000000e-02
 1.46094000e+00 3.00000000e-02
 1.46979000e+00 3.00000000e-02
 1.47865000e+00 2.00000000e-02
 1.48750000e+00 2.00000000e-02
 1.49635000e+00 3.00000000e-02
 1.50521000e+00 2.00000000e-02
 1.51406000e+00 2.00000000e-02
 1.52292000e+00 2.00000000e-02
 1.53177000e+00 3.00000000e-02
 1.54063000e+00 3.00000000e-02
 1.54948000e+00 2.00000000e-02
 1.55833000e+00 2.00000000e-02
 1.56719000e+00 3.00000000e-02
 1.57604000e+00 3.00000000e-02
 1.58490000e+00 2.00000000e-02
 1.59375000e+00 2.00000000e-02
 1.60260000e+00 3.00000000e-02
 1.61146000e+00 2.00000000e-02
 1.62031000e+00 3.00000000e-02
 1.62917000e+00 3.00000000e-02
 1.63802000e+00 2.00000000e-02
 1.64688000e+00 2.00000000e-02
 1.65573000e+00 3.00000000e-02
 1.66458000e+00 3.00000000e-02
 1.67344000e+00 3.00000000e-02
 1.68229000e+00 3.00000000e-02
 1.69115000e+00 3.00000000e-02
 1.70000000e+00 2.00000000e-02
 1.70885000e+00 3.00000000e-02
 1.71771000e+00 3.00000000e-02
 1.72656000e+00 3.00000000e-02
 1.73542000e+00 3.00000000e-02
 1.74427000e+00 2.00000000e-02
 1.75313000e+00 2.00000000e-02
 1.76198000e+00 3.00000000e-02
 1.77083000e+00 2.00000000e-02
 1.77969000e+00 2.00000000e-02
 1.78854000e+00 3.00000000e-02
 1.79740000e+00 3.00000000e-02
 1.80625000e+00 2.00000000e-02
 1.81510000e+00 2.00000000e-02
 1.82396000e+00 2.00000000e-02
 1.83281000e+00 3.00000000e-02
 1.84167000e+00 2.00000000e-02
 1.85052000e+00 2.00000000e-02
 1.85938000e+00 2.00000000e-02
 1.86823000e+00 2.00000000e-02
 1.87708000e+00 3.00000000e-02
 1.88594000e+00 2.00000000e-02
 1.89479000e+00 2.00000000e-02
 1.90365000e+00 2.00000000e-02
 1.91250000e+00 3.00000000e-02
 1.92135000e+00 2.00000000e-02
 1.93021000e+00 2.00000000e-02
 1.93906000e+00 2.00000000e-02
 1.94792000e+00 2.00000000e-02
 1.95677000e+00 2.00000000e-02
 1.96563000e+00 2.00000000e-02
 1.97448000e+00 2.00000000e-02
 1.98333000e+00 2.00000000e-02
 1.99219000e+00 2.00000000e-02
 2.00104000e+00 2.00000000e-02
 2.00990000e+00 2.00000000e-02
 2.01875000e+00 2.00000000e-02
 2.02760000e+00 2.00000000e-02
 2.03646000e+00 2.00000000e-02
 2.04531000e+00 2.00000000e-02
 2.05417000e+00 2.00000000e-02
 2.06302000e+00 2.00000000e-02
 2.07188000e+00 2.00000000e-02
 2.08073000e+00 2.00000000e-02
 2.08958000e+00 2.00000000e-02
 2.09844000e+00 3.00000000e-02
 2.10729000e+00 2.00000000e-02
 2.11615000e+00 2.00000000e-02
 2.12500000e+00 2.00000000e-02
 2.13385000e+00 3.00000000e-02
 2.14271000e+00 2.00000000e-02
 2.15156000e+00 2.00000000e-02
 2.16042000e+00 2.00000000e-02
 2.16927000e+00 2.00000000e-02
 2.17813000e+00 2.00000000e-02
 2.18698000e+00 2.00000000e-02
 2.19583000e+00 2.00000000e-02
 2.20469000e+00 2.00000000e-02
 2.21354000e+00 2.00000000e-02
 2.22240000e+00 2.00000000e-02
 2.23125000e+00 2.00000000e-02
 2.24010000e+00 2.00000000e-02
 2.24896000e+00 2.00000000e-02
 2.25781000e+00 2.00000000e-02
 2.26667000e+00 2.00000000e-02
 2.27552000e+00 3.00000000e-02
 2.28438000e+00 3.00000000e-02
 2.29323000e+00 2.00000000e-02
 2.30208000e+00 3.00000000e-02
 2.31094000e+00 3.00000000e-02
 2.31979000e+00 2.00000000e-02
 2.32865000e+00 2.00000000e-02
 2.33750000e+00 2.00000000e-02
 2.34635000e+00 3.00000000e-02
 2.35521000e+00 2.00000000e-02
 2.36406000e+00 2.00000000e-02
 2.37292000e+00 2.00000000e-02
 2.38177000e+00 2.00000000e-02
 2.39063000e+00 2.00000000e-02
 2.39948000e+00 2.00000000e-02
 2.40833000e+00 2.00000000e-02
 2.41719000e+00 2.00000000e-02
 2.42604000e+00 2.00000000e-02
 2.43490000e+00 2.00000000e-02
 2.44375000e+00 2.00000000e-02
 2.45260000e+00 2.00000000e-02
 2.46146000e+00 2.00000000e-02
 2.47031000e+00 2.00000000e-02
 2.47917000e+00 2.00000000e-02
 2.48802000e+00 2.00000000e-02
 2.49688000e+00 2.00000000e-02
 2.50573000e+00 2.00000000e-02
 2.51458000e+00 2.00000000e-02
 2.52344000e+00 2.00000000e-02
 2.53229000e+00 2.00000000e-02
 2.54115000e+00 2.00000000e-02
 2.55000000e+00 2.00000000e-02
 2.55885000e+00 3.00000000e-02
 2.56771000e+00 2.00000000e-02
 2.57656000e+00 2.00000000e-02
 2.58542000e+00 2.00000000e-02
 2.59427000e+00 2.00000000e-02
 2.60313000e+00 2.00000000e-02
 2.61198000e+00 2.00000000e-02
 2.62083000e+00 2.00000000e-02
 2.62969000e+00 2.00000000e-02
 2.63854000e+00 2.00000000e-02
 2.64740000e+00 2.00000000e-02
 2.65625000e+00 2.00000000e-02
 2.66510000e+00 2.00000000e-02
 2.67396000e+00 2.00000000e-02
 2.68281000e+00 2.00000000e-02
 2.69167000e+00 2.00000000e-02
 2.70052000e+00 2.00000000e-02
 2.70938000e+00 2.00000000e-02
 2.71823000e+00 2.00000000e-02
 2.72708000e+00 2.00000000e-02
 2.73594000e+00 2.00000000e-02
 2.74479000e+00 2.00000000e-02
 2.75365000e+00 2.00000000e-02
 2.76250000e+00 2.00000000e-02
 2.77135000e+00 2.00000000e-02
 2.78021000e+00 2.00000000e-02
 2.78906000e+00 2.00000000e-02
 2.79792000e+00 2.00000000e-02
 2.80677000e+00 2.00000000e-02
 2.81563000e+00 2.00000000e-02
 2.82448000e+00 2.00000000e-02
 2.83333000e+00 2.00000000e-02
 2.84219000e+00 2.00000000e-02
 2.85104000e+00 2.00000000e-02
 2.85990000e+00 2.00000000e-02
 2.86875000e+00 2.00000000e-02
 2.87760000e+00 2.00000000e-02
 2.88646000e+00 2.00000000e-02
 2.89531000e+00 2.00000000e-02
 2.90417000e+00 2.00000000e-02
 2.91302000e+00 2.00000000e-02
 2.92188000e+00 2.00000000e-02
 2.93073000e+00 2.00000000e-02
 2.93958000e+00 2.00000000e-02
 2.94844000e+00 2.00000000e-02
 2.95729000e+00 2.00000000e-02
 2.96615000e+00 2.00000000e-02
 2.97500000e+00 2.00000000e-02
 2.98385000e+00 2.00000000e-02
 2.99271000e+00 2.00000000e-02
 3.00156000e+00 2.00000000e-02
 Inf 4.89495373e-01 5.06149902e-01 5.24043050e-01 5.42392716e-01 5.60960169e-01 5.79641808e-01 5.98383825e-01 6.17154982e-01 6.35935706e-01 6.54713040e-01 6.73478034e-01 6.92224308e-01 7.10947191e-01 7.29643193e-01 7.48309664e-01 7.44948110e-01 7.41583586e-01 7.38217912e-01 7.34852685e-01 7.31489312e-01 7.28129046e-01 7.24772998e-01 7.21422167e-01 7.18077446e-01 7.14739639e-01 7.11409474e-01 7.08087608e-01 7.04774637e-01 7.01471100e-01 6.98177491e-01 6.94894256e-01 6.91621804e-01 6.88360507e-01 6.85110705e-01 6.81872708e-01 6.78646798e-01 6.75433235e-01 6.72232254e-01 6.69044070e-01 6.65868880e-01 6.62706861e-01 6.59558178e-01 6.56422976e-01 6.53301391e-01 6.50193542e-01 6.47099539e-01 6.44019479e-01 6.40953451e-01 6.37901532e-01 6.34863791e-01 6.31840289e-01 6.28831079e-01 6.25836207e-01 6.22855711e-01 6.19889624e-01 6.16937972e-01 6.14000777e-01 6.11078053e-01 6.08169811e-01 6.05276058e-01 6.02396794e-01 5.99532017e-01 5.96681721e-01 5.93845896e-01 5.91024527e-01 5.88217599e-01 5.85425091e-01 5.82646980e-01 5.79883242e-01 5.77133848e-01 5.74398768e-01 5.71677969e-01 5.68971416e-01 5.66279073e-01 5.63600901e-01 5.60936859e-01 5.58286906e-01 5.55650996e-01 5.53029086e-01 5.50421128e-01 5.47827074e-01 5.45246875e-01 5.42680480e-01 5.40127837e-01 5.37588895e-01 5.35063599e-01 5.32551895e-01 5.30053727e-01 5.27569039e-01 5.25097774e-01 5.22639874e-01 5.20195280e-01 5.17763935e-01 5.15345778e-01 5.12940748e-01 5.10548786e-01 5.08169830e-01 5.05803819e-01 5.03450690e-01 5.01110381e-01
 Inf 4.89495506e-01 5.06150039e-01 5.24043192e-01 5.42392862e-01 5.60960320e-01 5.79641964e-01 5.98383985e-01 6.17155146e-01 6.35935876e-01 6.54713214e-01 6.73478213e-01 6.92224492e-01 7.10947379e-01 7.29643385e-01 7.48309861e-01 7.44948305e-01 7.41583781e-01 7.38218105e-01 7.34852876e-01 7.31489503e-01 7.28129235e-01 7.24773186e-01 7.21422354e-01 7.18077631e-01 7.14739824e-01 7.11409657e-01 7.08087790e-01 7.04774817e-01 7.01471279e-01 6.98177669e-01 6.94894433e-01 6.91621980e-01 6.88360682e-01 6.85110879e-01 6.81872880e-01 6.78646969e-01 6.75433405e-01 6.72232423e-01 6.69044238e-01 6.65869046e-01 6.62707027e-01 6.59558342e-01 6.56423140e-01 6.53301553e-01 6.50193703e-01 6.47099699e-01 6.44019638e-01 6.40953608e-01 6.37901688e-01 6.34863946e-01 6.31840443e-01 6.28831232e-01 6.25836359e-01 6.22855862e-01 6.19889774e-01 6.16938122e-01 6.14000925e-01 6.11078200e-01 6.08169958e-01 6.05276203e-01 6.02396939e-01 5.99532161e-01 5.96681864e-01 5.93846037e-01 5.91024668e-01 5.88217738e-01 5.85425229e-01 5.82647118e-01 5.79883379e-01 5.77133984e-01 5.74398903e-01 5.71678103e-01 5.68971549e-01 5.66279206e-01 5.63601033e-01 5.60936990e-01 5.58287035e-01 5.55651125e-01 5.53029214e-01 5.50421255e-01 5.47827200e-01 5.45247000e-01 5.42680604e-01 5.40127961e-01 5.37589018e-01 5.35063721e-01 5.32552016e-01 5.30053847e-01 5.27569158e-01 5.25097892e-01 5.22639992e-01 5.20195398e-01 5.17764051e-01 5.15345893e-01 5.12940863e-01 5.10548900e-01 5.08169944e-01 5.05803931e-01 5.03450802e-01 5.01110493e-01
 Inf 4.89495633e-01 5.06150170e-01 5.24043327e-01 5.42393002e-01 5.60960465e-01 5.79642113e-01 5.98384139e-01 6.17155304e-01 6.35936038e-01 6.54713381e-01 6.73478384e-01 6.92224667e-01 7.10947559e-01 7.29643570e-01 7.48310050e-01 7.44948493e-01 7.41583967e-01 7.38218291e-01 7.34853060e-01 7.31489686e-01 7.28129416e-01 7.24773367e-01 7.21422533e-01 7.18077809e-01 7.14740000e-01 7.11409833e-01 7.08087964e-01 7.04774990e-01 7.01471451e-01 6.98177840e-01 6.94894603e-01 6.91622148e-01 6.88360849e-01 6.85111045e-01 6.81873045e-01 6.78647133e-01 6.75433568e-01 6.72232584e-01 6.69044398e-01 6.65869206e-01 6.62707185e-01 6.59558500e-01 6.56423296e-01 6.53301708e-01 6.50193857e-01 6.47099852e-01 6.44019790e-01 6.40953760e-01 6.37901838e-01 6.34864095e-01 6.31840591e-01 6.28831380e-01 6.25836505e-01 6.22856008e-01 6.19889919e-01 6.16938265e-01 6.14001068e-01 6.11078342e-01 6.08170098e-01 6.05276343e-01 6.02397077e-01 5.99532298e-01 5.96682000e-01 5.93846173e-01 5.91024802e-01 5.88217872e-01 5.85425362e-01 5.82647250e-01 5.79883510e-01 5.77134114e-01 5.74399032e-01 5.71678232e-01 5.68971677e-01 5.66279333e-01 5.63601159e-01 5.60937115e-01 5.58287160e-01 5.55651249e-01 5.53029337e-01 5.50421377e-01 5.47827321e-01 5.45247120e-01 5.42680724e-01 5.40128080e-01 5.37589136e-01 5.35063838e-01 5.32552133e-01 5.30053963e-01 5.27569273e-01 5.25098007e-01 5.22640105e-01 5.20195510e-01 5.17764163e-01 5.15346004e-01 5.12940974e-01 5.10549010e-01 5.08170052e-01 5.05804040e-01 5.03450909e-01 5.01110600e-01
 Inf 4.89495755e-01 5.06150295e-01 5.24043457e-01 5.42393136e-01 5.60960603e-01 5.79642255e-01 5.98384286e-01 6.17155456e-01 6.35936194e-01 6.54713541e-01 6.73478549e-01 6.92224836e-01 7.10947731e-01 7.29643746e-01 7.48310230e-01 7.44948673e-01 7.41584145e-01 7.38218468e-01 7.34853236e-01 7.31489860e-01 7.28129590e-01 7.24773539e-01 7.21422704e-01 7.18077979e-01 7.14740169e-01 7.11410001e-01 7.08088131e-01 7.04775156e-01 7.01471616e-01 6.98178003e-01 6.94894765e-01 6.91622310e-01 6.88361010e-01 6.85111204e-01 6.81873203e-01 6.78647290e-01 6.75433724e-01 6.72232739e-01 6.69044552e-01 6.65869359e-01 6.62707337e-01 6.59558650e-01 6.56423446e-01 6.53301857e-01 6.50194005e-01 6.47099999e-01 6.44019936e-01 6.40953904e-01 6.37901982e-01 6.34864238e-01 6.31840733e-01 6.28831520e-01 6.25836645e-01 6.22856147e-01 6.19890057e-01 6.16938402e-01 6.14001204e-01 6.11078477e-01 6.08170233e-01 6.05276476e-01 6.02397210e-01 5.99532430e-01 5.96682131e-01 5.93846303e-01 5.91024932e-01 5.88218000e-01 5.85425490e-01 5.82647376e-01 5.79883636e-01 5.77134239e-01 5.74399156e-01 5.71678355e-01 5.68971800e-01 5.66279454e-01 5.63601279e-01 5.60937235e-01 5.58287279e-01 5.55651367e-01 5.53029454e-01 5.50421494e-01 5.47827437e-01 5.45247236e-01 5.42680838e-01 5.40128194e-01 5.37589249e-01 5.35063951e-01 5.32552244e-01 5.30054074e-01 5.27569383e-01 5.25098116e-01 5.22640214e-01 5.20195618e-01 5.17764270e-01 5.15346111e-01 5.12941079e-01 5.10549115e-01 5.08170157e-01 5.05804143e-01 5.03451012e-01 5.01110702e-01
 Inf 4.89495871e-01 5.06150416e-01 5.24043581e-01 5.42393264e-01 5.60960735e-01 5.79642392e-01 5.98384426e-01 6.17155600e-01 6.35936342e-01 6.54713693e-01 6.73478705e-01 6.92224997e-01 7.10947896e-01 7.29643915e-01 7.48310403e-01 7.44948844e-01 7.41584316e-01 7.38218637e-01 7.34853405e-01 7.31490028e-01 7.28129756e-01 7.24773704e-01 7.21422868e-01 7.18078142e-01 7.14740331e-01 7.11410162e-01 7.08088291e-01 7.04775314e-01 7.01471773e-01 6.98178159e-01 6.94894920e-01 6.91622464e-01 6.88361163e-01 6.85111356e-01 6.81873354e-01 6.78647441e-01 6.75433873e-01 6.72232887e-01 6.69044699e-01 6.65869505e-01 6.62707482e-01 6.59558794e-01 6.56423589e-01 6.53301999e-01 6.50194146e-01 6.47100139e-01 6.44020075e-01 6.40954043e-01 6.37902120e-01 6.34864375e-01 6.31840869e-01 6.28831655e-01 6.25836779e-01 6.22856279e-01 6.19890189e-01 6.16938533e-01 6.14001334e-01 6.11078606e-01 6.08170361e-01 6.05276604e-01 6.02397336e-01 5.99532556e-01 5.96682256e-01 5.93846427e-01 5.91025055e-01 5.88218123e-01 5.85425611e-01 5.82647497e-01 5.79883756e-01 5.77134358e-01 5.74399275e-01 5.71678472e-01 5.68971916e-01 5.66279570e-01 5.63601395e-01 5.60937350e-01 5.58287393e-01 5.55651480e-01 5.53029567e-01 5.50421605e-01 5.47827548e-01 5.45247346e-01 5.42680948e-01 5.40128302e-01 5.37589357e-01 5.35064058e-01 5.32552350e-01 5.30054179e-01 5.27569488e-01 5.25098220e-01 5.22640317e-01 5.20195721e-01 5.17764373e-01 5.15346213e-01 5.12941180e-01 5.10549215e-01 5.08170256e-01 5.05804242e-01 5.03451111e-01 5.01110800e-01
 Inf 4.89495982e-01 5.06150530e-01 5.24043699e-01 5.42393387e-01 5.60960861e-01 5.79642522e-01 5.98384560e-01 6.17155738e-01 6.35936484e-01 6.54713839e-01 6.73478855e-01 6.92225150e-01 7.10948053e-01 7.29644076e-01 7.48310568e-01 7.44949008e-01 7.41584478e-01 7.38218799e-01 7.34853565e-01 7.31490187e-01 7.28129914e-01 7.24773861e-01 7.21423024e-01 7.18078297e-01 7.14740485e-01 7.11410315e-01 7.08088443e-01 7.04775466e-01 7.01471923e-01 6.98178308e-01 6.94895068e-01 6.91622611e-01 6.88361309e-01 6.85111501e-01 6.81873499e-01 6.78647584e-01 6.75434015e-01 6.72233029e-01 6.69044839e-01 6.65869644e-01 6.62707621e-01 6.59558932e-01 6.56423725e-01 6.53302135e-01 6.50194281e-01 6.47100273e-01 6.44020208e-01 6.40954175e-01 6.37902251e-01 6.34864505e-01 6.31840998e-01 6.28831784e-01 6.25836907e-01 6.22856406e-01 6.19890314e-01 6.16938658e-01 6.14001458e-01 6.11078730e-01 6.08170484e-01 6.05276726e-01 6.02397457e-01 5.99532676e-01 5.96682375e-01 5.93846545e-01 5.91025172e-01 5.88218240e-01 5.85425727e-01 5.82647613e-01 5.79883870e-01 5.77134472e-01 5.74399388e-01 5.71678585e-01 5.68972028e-01 5.66279681e-01 5.63601505e-01 5.60937459e-01 5.58287501e-01 5.55651588e-01 5.53029674e-01 5.50421712e-01 5.47827654e-01 5.45247451e-01 5.42681052e-01 5.40128406e-01 5.37589460e-01 5.35064160e-01 5.32552452e-01 5.30054280e-01 5.27569588e-01 5.25098320e-01 5.22640416e-01 5.20195819e-01 5.17764470e-01 5.15346309e-01 5.12941277e-01 5.10549311e-01 5.08170351e-01 5.05804337e-01 5.03451205e-01 5.01110893e-01
 Inf 4.89496088e-01 5.06150639e-01 5.24043812e-01 5.42393503e-01 5.60960981e-01 5.79642645e-01 5.98384688e-01 6.17155869e-01 6.35936619e-01 6.54713977e-01 6.73478997e-01 6.92225296e-01 7.10948203e-01 7.29644229e-01 7.48310725e-01 7.44949163e-01 7.41584633e-01 7.38218952e-01 7.34853718e-01 7.31490339e-01 7.28130065e-01 7.24774011e-01 7.21423173e-01 7.18078445e-01 7.14740632e-01 7.11410460e-01 7.08088588e-01 7.04775609e-01 7.01472066e-01 6.98178450e-01 6.94895209e-01 6.91622751e-01 6.88361448e-01 6.85111639e-01 6.81873636e-01 6.78647720e-01 6.75434150e-01 6.72233163e-01 6.69044973e-01 6.65869776e-01 6.62707752e-01 6.59559063e-01 6.56423855e-01 6.53302264e-01 6.50194409e-01 6.47100400e-01 6.44020334e-01 6.40954300e-01 6.37902375e-01 6.34864629e-01 6.31841121e-01 6.28831906e-01 6.25837028e-01 6.22856527e-01 6.19890434e-01 6.16938777e-01 6.14001576e-01 6.11078847e-01 6.08170600e-01 6.05276841e-01 6.02397572e-01 5.99532790e-01 5.96682489e-01 5.93846658e-01 5.91025284e-01 5.88218351e-01 5.85425838e-01 5.82647722e-01 5.79883979e-01 5.77134580e-01 5.74399495e-01 5.71678691e-01 5.68972134e-01 5.66279786e-01 5.63601609e-01 5.60937563e-01 5.58287604e-01 5.55651690e-01 5.53029775e-01 5.50421813e-01 5.47827754e-01 5.45247550e-01 5.42681151e-01 5.40128504e-01 5.37589558e-01 5.35064257e-01 5.32552548e-01 5.30054376e-01 5.27569684e-01 5.25098414e-01 5.22640510e-01 5.20195913e-01 5.17764563e-01 5.15346402e-01 5.12941368e-01 5.10549402e-01 5.08170442e-01 5.05804426e-01 5.03451294e-01 5.01110981e-01
 Inf 4.89496188e-01 5.06150742e-01 5.24043919e-01 5.42393613e-01 5.60961095e-01 5.79642763e-01 5.98384808e-01 6.17155994e-01 6.35936747e-01 6.54714109e-01 6.73479132e-01 6.92225434e-01 7.10948345e-01 7.29644374e-01 7.48310873e-01 7.44949311e-01 7.41584780e-01 7.38219098e-01 7.34853863e-01 7.31490482e-01 7.28130208e-01 7.24774153e-01 7.21423314e-01 7.18078585e-01 7.14740771e-01 7.11410598e-01 7.08088725e-01 7.04775746e-01 7.01472202e-01 6.98178585e-01 6.94895343e-01 6.91622884e-01 6.88361580e-01 6.85111770e-01 6.81873766e-01 6.78647849e-01 6.75434278e-01 6.72233290e-01 6.69045099e-01 6.65869902e-01 6.62707877e-01 6.59559187e-01 6.56423978e-01 6.53302386e-01 6.50194530e-01 6.47100520e-01 6.44020454e-01 6.40954419e-01 6.37902493e-01 6.34864746e-01 6.31841238e-01 6.28832022e-01 6.25837143e-01 6.22856641e-01 6.19890548e-01 6.16938890e-01 6.14001688e-01 6.11078958e-01 6.08170711e-01 6.05276951e-01 6.02397681e-01 5.99532898e-01 5.96682596e-01 5.93846765e-01 5.91025390e-01 5.88218456e-01 5.85425942e-01 5.82647826e-01 5.79884082e-01 5.77134683e-01 5.74399597e-01 5.71678793e-01 5.68972234e-01 5.66279886e-01 5.63601709e-01 5.60937661e-01 5.58287702e-01 5.55651788e-01 5.53029872e-01 5.50421909e-01 5.47827849e-01 5.45247645e-01 5.42681245e-01 5.40128598e-01 5.37589650e-01 5.35064349e-01 5.32552640e-01 5.30054467e-01 5.27569774e-01 5.25098504e-01 5.22640599e-01 5.20196001e-01 5.17764651e-01 5.15346489e-01 5.12941455e-01 5.10549488e-01 5.08170528e-01 5.05804512e-01 5.03451378e-01 5.01111066e-01
 Inf 4.89496283e-01 5.06150840e-01 5.24044020e-01 5.42393717e-01 5.60961203e-01 5.79642874e-01 5.98384923e-01 6.17156111e-01 6.35936868e-01 6.54714233e-01 6.73479260e-01 6.92225565e-01 7.10948479e-01 7.29644512e-01 7.48311014e-01 7.44949451e-01 7.41584919e-01 7.38219236e-01 7.34853999e-01 7.31490618e-01 7.28130343e-01 7.24774287e-01 7.21423447e-01 7.18078717e-01 7.14740902e-01 7.11410729e-01 7.08088855e-01 7.04775874e-01 7.01472330e-01 6.98178712e-01 6.94895469e-01 6.91623009e-01 6.88361704e-01 6.85111894e-01 6.81873889e-01 6.78647971e-01 6.75434400e-01 6.72233411e-01 6.69045219e-01 6.65870021e-01 6.62707995e-01 6.59559304e-01 6.56424095e-01 6.53302502e-01 6.50194645e-01 6.47100635e-01 6.44020568e-01 6.40954532e-01 6.37902605e-01 6.34864857e-01 6.31841348e-01 6.28832131e-01 6.25837252e-01 6.22856749e-01 6.19890655e-01 6.16938997e-01 6.14001794e-01 6.11079063e-01 6.08170815e-01 6.05277055e-01 6.02397784e-01 5.99533001e-01 5.96682698e-01 5.93846866e-01 5.91025491e-01 5.88218556e-01 5.85426041e-01 5.82647925e-01 5.79884180e-01 5.77134780e-01 5.74399693e-01 5.71678888e-01 5.68972330e-01 5.66279981e-01 5.63601802e-01 5.60937755e-01 5.58287795e-01 5.55651880e-01 5.53029963e-01 5.50421999e-01 5.47827940e-01 5.45247735e-01 5.42681334e-01 5.40128686e-01 5.37589738e-01 5.35064437e-01 5.32552727e-01 5.30054553e-01 5.27569860e-01 5.25098589e-01 5.22640684e-01 5.20196085e-01 5.17764734e-01 5.15346572e-01 5.12941537e-01 5.10549570e-01 5.08170609e-01 5.05804592e-01 5.03451458e-01 5.01111145e-01
 Inf 4.89496372e-01 5.06150932e-01 5.24044115e-01 5.42393816e-01 5.60961304e-01 5.79642978e-01 5.98385031e-01 6.17156222e-01 6.35936982e-01 6.54714350e-01 6.73479380e-01 6.92225688e-01 7.10948605e-01 7.29644641e-01 7.48311146e-01 7.44949583e-01 7.41585049e-01 7.38219366e-01 7.34854129e-01 7.31490747e-01 7.28130470e-01 7.24774414e-01 7.21423573e-01 7.18078842e-01 7.14741027e-01 7.11410852e-01 7.08088977e-01 7.04775996e-01 7.01472450e-01 6.98178832e-01 6.94895588e-01 6.91623127e-01 6.88361822e-01 6.85112011e-01 6.81874005e-01 6.78648086e-01 6.75434514e-01 6.72233524e-01 6.69045332e-01 6.65870133e-01 6.62708106e-01 6.59559414e-01 6.56424205e-01 6.53302611e-01 6.50194754e-01 6.47100742e-01 6.44020675e-01 6.40954638e-01 6.37902711e-01 6.34864962e-01 6.31841452e-01 6.28832234e-01 6.25837354e-01 6.22856851e-01 6.19890756e-01 6.16939097e-01 6.14001894e-01 6.11079163e-01 6.08170914e-01 6.05277153e-01 6.02397882e-01 5.99533097e-01 5.96682794e-01 5.93846961e-01 5.91025586e-01 5.88218650e-01 5.85426135e-01 5.82648017e-01 5.79884272e-01 5.77134871e-01 5.74399784e-01 5.71678979e-01 5.68972419e-01 5.66280070e-01 5.63601891e-01 5.60937843e-01 5.58287882e-01 5.55651966e-01 5.53030050e-01 5.50422085e-01 5.47828025e-01 5.45247819e-01 5.42681418e-01 5.40128769e-01 5.37589821e-01 5.35064519e-01 5.32552808e-01 5.30054634e-01 5.27569940e-01 5.25098669e-01 5.22640763e-01 5.20196164e-01 5.17764813e-01 5.15346650e-01 5.12941615e-01 5.10549647e-01 5.08170685e-01 5.05804668e-01 5.03451534e-01 5.01111220e-01
 Inf 4.89496456e-01 5.06151019e-01 5.24044204e-01 5.42393908e-01 5.60961400e-01 5.79643077e-01 5.98385132e-01 6.17156326e-01 6.35937089e-01 6.54714461e-01 6.73479493e-01 6.92225804e-01 7.10948724e-01 7.29644763e-01 7.48311271e-01 7.44949706e-01 7.41585172e-01 7.38219488e-01 7.34854250e-01 7.31490867e-01 7.28130590e-01 7.24774533e-01 7.21423691e-01 7.18078960e-01 7.14741143e-01 7.11410968e-01 7.08089092e-01 7.04776110e-01 7.01472564e-01 6.98178945e-01 6.94895700e-01 6.91623239e-01 6.88361932e-01 6.85112120e-01 6.81874114e-01 6.78648194e-01 6.75434622e-01 6.72233631e-01 6.69045438e-01 6.65870238e-01 6.62708211e-01 6.59559518e-01 6.56424308e-01 6.53302713e-01 6.50194855e-01 6.47100843e-01 6.44020775e-01 6.40954738e-01 6.37902810e-01 6.34865060e-01 6.31841550e-01 6.28832332e-01 6.25837451e-01 6.22856947e-01 6.19890851e-01 6.16939192e-01 6.14001988e-01 6.11079256e-01 6.08171006e-01 6.05277245e-01 6.02397973e-01 5.99533188e-01 5.96682884e-01 5.93847051e-01 5.91025674e-01 5.88218738e-01 5.85426223e-01 5.82648105e-01 5.79884359e-01 5.77134957e-01 5.74399870e-01 5.71679063e-01 5.68972504e-01 5.66280153e-01 5.63601974e-01 5.60937925e-01 5.58287964e-01 5.55652048e-01 5.53030131e-01 5.50422165e-01 5.47828105e-01 5.45247899e-01 5.42681497e-01 5.40128848e-01 5.37589899e-01 5.35064596e-01 5.32552885e-01 5.30054711e-01 5.27570016e-01 5.25098744e-01 5.22640838e-01 5.20196239e-01 5.17764887e-01 5.15346723e-01 5.12941688e-01 5.10549719e-01 5.08170757e-01 5.05804740e-01 5.03451605e-01 5.01111291e-01
 Inf 4.89496534e-01 5.06151100e-01 5.24044288e-01 5.42393995e-01 5.60961489e-01 5.79643169e-01 5.98385227e-01 6.17156424e-01 6.35937189e-01 6.54714564e-01 6.73479599e-01 6.92225913e-01 7.10948835e-01 7.29644877e-01 7.48311387e-01 7.44949822e-01 7.41585287e-01 7.38219602e-01 7.34854363e-01 7.31490980e-01 7.28130702e-01 7.24774644e-01 7.21423802e-01 7.18079069e-01 7.14741252e-01 7.11411076e-01 7.08089200e-01 7.04776217e-01 7.01472670e-01 6.98179050e-01 6.94895805e-01 6.91623343e-01 6.88362035e-01 6.85112223e-01 6.81874215e-01 6.78648296e-01 6.75434722e-01 6.72233731e-01 6.69045537e-01 6.65870337e-01 6.62708309e-01 6.59559616e-01 6.56424404e-01 6.53302809e-01 6.50194951e-01 6.47100938e-01 6.44020869e-01 6.40954831e-01 6.37902903e-01 6.34865152e-01 6.31841641e-01 6.28832422e-01 6.25837541e-01 6.22857036e-01 6.19890940e-01 6.16939280e-01 6.14002076e-01 6.11079343e-01 6.08171093e-01 6.05277331e-01 6.02398058e-01 5.99533273e-01 5.96682969e-01 5.93847135e-01 5.91025758e-01 5.88218821e-01 5.85426305e-01 5.82648186e-01 5.79884440e-01 5.77135038e-01 5.74399950e-01 5.71679143e-01 5.68972582e-01 5.66280232e-01 5.63602052e-01 5.60938002e-01 5.58288041e-01 5.55652124e-01 5.53030206e-01 5.50422241e-01 5.47828179e-01 5.45247973e-01 5.42681571e-01 5.40128921e-01 5.37589972e-01 5.35064668e-01 5.32552957e-01 5.30054782e-01 5.27570087e-01 5.25098815e-01 5.22640908e-01 5.20196308e-01 5.17764956e-01 5.15346792e-01 5.12941756e-01 5.10549787e-01 5.08170824e-01 5.05804806e-01 5.03451671e-01 5.01111356e-01
 Inf 4.89496607e-01 5.06151175e-01 5.24044366e-01 5.42394075e-01 5.60961572e-01 5.79643254e-01 5.98385315e-01 6.17156515e-01 6.35937283e-01 6.54714659e-01 6.73479697e-01 6.92226014e-01 7.10948939e-01 7.29644983e-01 7.48311496e-01 7.44949930e-01 7.41585394e-01 7.38219709e-01 7.34854469e-01 7.31491085e-01 7.28130806e-01 7.24774747e-01 7.21423904e-01 7.18079171e-01 7.14741354e-01 7.11411177e-01 7.08089300e-01 7.04776317e-01 7.01472769e-01 6.98179148e-01 6.94895902e-01 6.91623439e-01 6.88362132e-01 6.85112319e-01 6.81874310e-01 6.78648390e-01 6.75434816e-01 6.72233824e-01 6.69045630e-01 6.65870429e-01 6.62708400e-01 6.59559706e-01 6.56424494e-01 6.53302898e-01 6.50195039e-01 6.47101026e-01 6.44020956e-01 6.40954918e-01 6.37902989e-01 6.34865238e-01 6.31841726e-01 6.28832507e-01 6.25837625e-01 6.22857120e-01 6.19891023e-01 6.16939362e-01 6.14002157e-01 6.11079424e-01 6.08171173e-01 6.05277411e-01 6.02398138e-01 5.99533352e-01 5.96683047e-01 5.93847213e-01 5.91025835e-01 5.88218898e-01 5.85426381e-01 5.82648262e-01 5.79884515e-01 5.77135113e-01 5.74400024e-01 5.71679217e-01 5.68972656e-01 5.66280305e-01 5.63602124e-01 5.60938074e-01 5.58288113e-01 5.55652195e-01 5.53030277e-01 5.50422311e-01 5.47828249e-01 5.45248042e-01 5.42681639e-01 5.40128989e-01 5.37590039e-01 5.35064736e-01 5.32553024e-01 5.30054848e-01 5.27570153e-01 5.25098880e-01 5.22640973e-01 5.20196373e-01 5.17765020e-01 5.15346856e-01 5.12941819e-01 5.10549850e-01 5.08170887e-01 5.05804869e-01 5.03451733e-01 5.01111418e-01
 Inf 4.89496675e-01 5.06151245e-01 5.24044438e-01 5.42394149e-01 5.60961649e-01 5.79643334e-01 5.98385396e-01 6.17156599e-01 6.35937369e-01 6.54714748e-01 6.73479788e-01 6.92226107e-01 7.10949035e-01 7.29645081e-01 7.48311596e-01 7.44950030e-01 7.41585494e-01 7.38219807e-01 7.34854567e-01 7.31491182e-01 7.28130903e-01 7.24774843e-01 7.21424000e-01 7.18079266e-01 7.14741448e-01 7.11411271e-01 7.08089392e-01 7.04776409e-01 7.01472860e-01 6.98179239e-01 6.94895993e-01 6.91623529e-01 6.88362221e-01 6.85112407e-01 6.81874398e-01 6.78648477e-01 6.75434903e-01 6.72233910e-01 6.69045715e-01 6.65870514e-01 6.62708484e-01 6.59559790e-01 6.56424577e-01 6.53302981e-01 6.50195121e-01 6.47101108e-01 6.44021037e-01 6.40954998e-01 6.37903069e-01 6.34865317e-01 6.31841805e-01 6.28832585e-01 6.25837703e-01 6.22857197e-01 6.19891100e-01 6.16939439e-01 6.14002233e-01 6.11079500e-01 6.08171248e-01 6.05277485e-01 6.02398212e-01 5.99533425e-01 5.96683120e-01 5.93847285e-01 5.91025907e-01 5.88218969e-01 5.85426452e-01 5.82648332e-01 5.79884585e-01 5.77135182e-01 5.74400093e-01 5.71679285e-01 5.68972724e-01 5.66280372e-01 5.63602191e-01 5.60938141e-01 5.58288179e-01 5.55652261e-01 5.53030342e-01 5.50422376e-01 5.47828313e-01 5.45248106e-01 5.42681703e-01 5.40129052e-01 5.37590102e-01 5.35064798e-01 5.32553086e-01 5.30054910e-01 5.27570214e-01 5.25098941e-01 5.22641033e-01 5.20196433e-01 5.17765080e-01 5.15346915e-01 5.12941878e-01 5.10549908e-01 5.08170945e-01 5.05804926e-01 5.03451790e-01 5.01111475e-01
 Inf 4.89496737e-01 5.06151309e-01 5.24044504e-01 5.42394218e-01 5.60961719e-01 5.79643407e-01 5.98385472e-01 6.17156676e-01 6.35937449e-01 6.54714830e-01 6.73479872e-01 6.92226193e-01 7.10949123e-01 7.29645171e-01 7.48311689e-01 7.44950121e-01 7.41585585e-01 7.38219898e-01 7.34854657e-01 7.31491271e-01 7.28130992e-01 7.24774932e-01 7.21424087e-01 7.18079353e-01 7.14741534e-01 7.11411356e-01 7.08089478e-01 7.04776493e-01 7.01472944e-01 6.98179323e-01 6.94896076e-01 6.91623612e-01 6.88362303e-01 6.85112488e-01 6.81874479e-01 6.78648557e-01 6.75434982e-01 6.72233989e-01 6.69045794e-01 6.65870592e-01 6.62708562e-01 6.59559867e-01 6.56424654e-01 6.53303057e-01 6.50195197e-01 6.47101183e-01 6.44021112e-01 6.40955072e-01 6.37903142e-01 6.34865390e-01 6.31841878e-01 6.28832657e-01 6.25837774e-01 6.22857268e-01 6.19891171e-01 6.16939509e-01 6.14002303e-01 6.11079569e-01 6.08171317e-01 6.05277553e-01 6.02398279e-01 5.99533493e-01 5.96683187e-01 5.93847351e-01 5.91025973e-01 5.88219035e-01 5.85426517e-01 5.82648397e-01 5.79884649e-01 5.77135246e-01 5.74400156e-01 5.71679348e-01 5.68972786e-01 5.66280434e-01 5.63602253e-01 5.60938202e-01 5.58288240e-01 5.55652321e-01 5.53030402e-01 5.50422435e-01 5.47828373e-01 5.45248165e-01 5.42681761e-01 5.40129110e-01 5.37590160e-01 5.35064855e-01 5.32553143e-01 5.30054966e-01 5.27570270e-01 5.25098997e-01 5.22641089e-01 5.20196488e-01 5.17765134e-01 5.15346969e-01 5.12941932e-01 5.10549962e-01 5.08170998e-01 5.05804979e-01 5.03451843e-01 5.01111527e-01
 Inf 4.89496794e-01 5.06151368e-01 5.24044565e-01 5.42394281e-01 5.60961784e-01 5.79643473e-01 5.98385540e-01 6.17156747e-01 6.35937521e-01 6.54714905e-01 6.73479949e-01 6.92226272e-01 7.10949203e-01 7.29645254e-01 7.48311773e-01 7.44950205e-01 7.41585668e-01 7.38219980e-01 7.34854739e-01 7.31491353e-01 7.28131073e-01 7.24775012e-01 7.21424167e-01 7.18079433e-01 7.14741613e-01 7.11411435e-01 7.08089556e-01 7.04776571e-01 7.01473021e-01 6.98179399e-01 6.94896151e-01 6.91623687e-01 6.88362377e-01 6.85112563e-01 6.81874553e-01 6.78648631e-01 6.75435055e-01 6.72234062e-01 6.69045865e-01 6.65870663e-01 6.62708633e-01 6.59559937e-01 6.56424724e-01 6.53303127e-01 6.50195266e-01 6.47101251e-01 6.44021180e-01 6.40955140e-01 6.37903209e-01 6.34865457e-01 6.31841944e-01 6.28832723e-01 6.25837840e-01 6.22857333e-01 6.19891235e-01 6.16939573e-01 6.14002366e-01 6.11079632e-01 6.08171380e-01 6.05277616e-01 6.02398341e-01 5.99533554e-01 5.96683248e-01 5.93847412e-01 5.91026033e-01 5.88219094e-01 5.85426576e-01 5.82648456e-01 5.79884708e-01 5.77135304e-01 5.74400214e-01 5.71679406e-01 5.68972843e-01 5.66280491e-01 5.63602309e-01 5.60938258e-01 5.58288295e-01 5.55652377e-01 5.53030457e-01 5.50422490e-01 5.47828427e-01 5.45248218e-01 5.42681815e-01 5.40129164e-01 5.37590212e-01 5.35064908e-01 5.32553195e-01 5.30055018e-01 5.27570322e-01 5.25099048e-01 5.22641140e-01 5.20196538e-01 5.17765184e-01 5.15347019e-01 5.12941981e-01 5.10550011e-01 5.08171047e-01 5.05805027e-01 5.03451891e-01 5.01111575e-01
 Inf 4.89496846e-01 5.06151421e-01 5.24044620e-01 5.42394337e-01 5.60961842e-01 5.79643533e-01 5.98385602e-01 6.17156811e-01 6.35937587e-01 6.54714972e-01 6.73480018e-01 6.92226343e-01 7.10949276e-01 7.29645328e-01 7.48311850e-01 7.44950281e-01 7.41585743e-01 7.38220055e-01 7.34854813e-01 7.31491427e-01 7.28131146e-01 7.24775085e-01 7.21424240e-01 7.18079504e-01 7.14741684e-01 7.11411506e-01 7.08089626e-01 7.04776641e-01 7.01473091e-01 6.98179468e-01 6.94896220e-01 6.91623755e-01 6.88362445e-01 6.85112630e-01 6.81874620e-01 6.78648697e-01 6.75435121e-01 6.72234127e-01 6.69045930e-01 6.65870728e-01 6.62708697e-01 6.59560001e-01 6.56424787e-01 6.53303189e-01 6.50195328e-01 6.47101313e-01 6.44021241e-01 6.40955201e-01 6.37903270e-01 6.34865517e-01 6.31842004e-01 6.28832783e-01 6.25837899e-01 6.22857392e-01 6.19891293e-01 6.16939631e-01 6.14002424e-01 6.11079689e-01 6.08171436e-01 6.05277672e-01 6.02398397e-01 5.99533610e-01 5.96683303e-01 5.93847467e-01 5.91026088e-01 5.88219149e-01 5.85426630e-01 5.82648509e-01 5.79884761e-01 5.77135357e-01 5.74400266e-01 5.71679458e-01 5.68972895e-01 5.66280542e-01 5.63602360e-01 5.60938309e-01 5.58288346e-01 5.55652427e-01 5.53030507e-01 5.50422539e-01 5.47828476e-01 5.45248267e-01 5.42681863e-01 5.40129212e-01 5.37590260e-01 5.35064955e-01 5.32553242e-01 5.30055065e-01 5.27570368e-01 5.25099094e-01 5.22641185e-01 5.20196584e-01 5.17765229e-01 5.15347064e-01 5.12942026e-01 5.10550055e-01 5.08171091e-01 5.05805071e-01 5.03451934e-01 5.01111618e-01
 Inf 4.89496892e-01 5.06151468e-01 5.24044669e-01 5.42394388e-01 5.60961895e-01 5.79643587e-01 5.98385658e-01 6.17156868e-01 6.35937646e-01 6.54715032e-01 6.73480080e-01 6.92226406e-01 7.10949341e-01 7.29645395e-01 7.48311918e-01 7.44950349e-01 7.41585811e-01 7.38220122e-01 7.34854880e-01 7.31491493e-01 7.28131212e-01 7.24775150e-01 7.21424304e-01 7.18079569e-01 7.14741748e-01 7.11411569e-01 7.08089689e-01 7.04776703e-01 7.01473153e-01 6.98179530e-01 6.94896281e-01 6.91623816e-01 6.88362506e-01 6.85112690e-01 6.81874679e-01 6.78648756e-01 6.75435180e-01 6.72234186e-01 6.69045989e-01 6.65870785e-01 6.62708754e-01 6.59560058e-01 6.56424844e-01 6.53303246e-01 6.50195384e-01 6.47101368e-01 6.44021296e-01 6.40955256e-01 6.37903324e-01 6.34865571e-01 6.31842058e-01 6.28832836e-01 6.25837952e-01 6.22857444e-01 6.19891346e-01 6.16939682e-01 6.14002475e-01 6.11079740e-01 6.08171487e-01 6.05277722e-01 6.02398447e-01 5.99533659e-01 5.96683352e-01 5.93847516e-01 5.91026136e-01 5.88219197e-01 5.85426678e-01 5.82648557e-01 5.79884808e-01 5.77135404e-01 5.74400313e-01 5.71679504e-01 5.68972941e-01 5.66280588e-01 5.63602406e-01 5.60938354e-01 5.58288391e-01 5.55652471e-01 5.53030551e-01 5.50422583e-01 5.47828519e-01 5.45248311e-01 5.42681906e-01 5.40129254e-01 5.37590303e-01 5.35064997e-01 5.32553284e-01 5.30055107e-01 5.27570409e-01 5.25099135e-01 5.22641226e-01 5.20196624e-01 5.17765270e-01 5.15347104e-01 5.12942066e-01 5.10550095e-01 5.08171130e-01 5.05805110e-01 5.03451973e-01 5.01111656e-01
 Inf 4.89496932e-01 5.06151510e-01 5.24044712e-01 5.42394433e-01 5.60961941e-01 5.79643635e-01 5.98385707e-01 6.17156918e-01 6.35937698e-01 6.54715086e-01 6.73480135e-01 6.92226463e-01 7.10949399e-01 7.29645454e-01 7.48311978e-01 7.44950409e-01 7.41585870e-01 7.38220181e-01 7.34854939e-01 7.31491551e-01 7.28131270e-01 7.24775208e-01 7.21424362e-01 7.18079626e-01 7.14741805e-01 7.11411625e-01 7.08089745e-01 7.04776759e-01 7.01473208e-01 6.98179584e-01 6.94896335e-01 6.91623870e-01 6.88362559e-01 6.85112743e-01 6.81874732e-01 6.78648809e-01 6.75435232e-01 6.72234237e-01 6.69046040e-01 6.65870836e-01 6.62708805e-01 6.59560108e-01 6.56424894e-01 6.53303295e-01 6.50195433e-01 6.47101417e-01 6.44021345e-01 6.40955304e-01 6.37903372e-01 6.34865619e-01 6.31842105e-01 6.28832883e-01 6.25837998e-01 6.22857490e-01 6.19891392e-01 6.16939728e-01 6.14002521e-01 6.11079785e-01 6.08171532e-01 6.05277767e-01 6.02398492e-01 5.99533703e-01 5.96683396e-01 5.93847559e-01 5.91026179e-01 5.88219240e-01 5.85426721e-01 5.82648599e-01 5.79884850e-01 5.77135445e-01 5.74400355e-01 5.71679545e-01 5.68972982e-01 5.66280629e-01 5.63602446e-01 5.60938394e-01 5.58288430e-01 5.55652511e-01 5.53030590e-01 5.50422622e-01 5.47828558e-01 5.45248349e-01 5.42681944e-01 5.40129292e-01 5.37590340e-01 5.35065035e-01 5.32553321e-01 5.30055144e-01 5.27570446e-01 5.25099172e-01 5.22641263e-01 5.20196660e-01 5.17765306e-01 5.15347139e-01 5.12942101e-01 5.10550130e-01 5.08171165e-01 5.05805145e-01 5.03452007e-01 5.01111690e-01
 Inf 4.89496967e-01 5.06151546e-01 5.24044750e-01 5.42394471e-01 5.60961981e-01 5.79643676e-01 5.98385749e-01 6.17156962e-01 6.35937743e-01 6.54715132e-01 6.73480182e-01 6.92226511e-01 7.10949449e-01 7.29645505e-01 7.48312030e-01 7.44950461e-01 7.41585922e-01 7.38220233e-01 7.34854989e-01 7.31491602e-01 7.28131320e-01 7.24775258e-01 7.21424411e-01 7.18079675e-01 7.14741854e-01 7.11411674e-01 7.08089793e-01 7.04776807e-01 7.01473255e-01 6.98179631e-01 6.94896382e-01 6.91623916e-01 6.88362605e-01 6.85112789e-01 6.81874778e-01 6.78648854e-01 6.75435277e-01 6.72234282e-01 6.69046084e-01 6.65870880e-01 6.62708849e-01 6.59560152e-01 6.56424937e-01 6.53303338e-01 6.50195476e-01 6.47101460e-01 6.44021387e-01 6.40955346e-01 6.37903414e-01 6.34865660e-01 6.31842146e-01 6.28832923e-01 6.25838039e-01 6.22857531e-01 6.19891431e-01 6.16939768e-01 6.14002560e-01 6.11079824e-01 6.08171571e-01 6.05277805e-01 6.02398530e-01 5.99533741e-01 5.96683434e-01 5.93847597e-01 5.91026217e-01 5.88219277e-01 5.85426757e-01 5.82648636e-01 5.79884887e-01 5.77135482e-01 5.74400390e-01 5.71679581e-01 5.68973017e-01 5.66280664e-01 5.63602481e-01 5.60938429e-01 5.58288465e-01 5.55652545e-01 5.53030624e-01 5.50422656e-01 5.47828592e-01 5.45248382e-01 5.42681977e-01 5.40129325e-01 5.37590373e-01 5.35065067e-01 5.32553353e-01 5.30055176e-01 5.27570478e-01 5.25099203e-01 5.22641294e-01 5.20196691e-01 5.17765337e-01 5.15347170e-01 5.12942131e-01 5.10550160e-01 5.08171195e-01 5.05805175e-01 5.03452037e-01 5.01111720e-01
 Inf 4.89496997e-01 5.06151577e-01 5.24044781e-01 5.42394504e-01 5.60962015e-01 5.79643711e-01 5.98385785e-01 6.17156999e-01 6.35937781e-01 6.54715171e-01 6.73480222e-01 6.92226552e-01 7.10949491e-01 7.29645548e-01 7.48312075e-01 7.44950505e-01 7.41585965e-01 7.38220276e-01 7.34855033e-01 7.31491645e-01 7.28131362e-01 7.24775300e-01 7.21424453e-01 7.18079716e-01 7.14741895e-01 7.11411715e-01 7.08089834e-01 7.04776847e-01 7.01473296e-01 6.98179671e-01 6.94896422e-01 6.91623956e-01 6.88362645e-01 6.85112828e-01 6.81874816e-01 6.78648893e-01 6.75435315e-01 6.72234320e-01 6.69046122e-01 6.65870918e-01 6.62708886e-01 6.59560189e-01 6.56424974e-01 6.53303374e-01 6.50195512e-01 6.47101496e-01 6.44021423e-01 6.40955381e-01 6.37903449e-01 6.34865695e-01 6.31842181e-01 6.28832958e-01 6.25838073e-01 6.22857565e-01 6.19891465e-01 6.16939801e-01 6.14002593e-01 6.11079857e-01 6.08171604e-01 6.05277838e-01 6.02398562e-01 5.99533774e-01 5.96683466e-01 5.93847628e-01 5.91026248e-01 5.88219308e-01 5.85426789e-01 5.82648667e-01 5.79884917e-01 5.77135512e-01 5.74400421e-01 5.71679611e-01 5.68973047e-01 5.66280693e-01 5.63602511e-01 5.60938458e-01 5.58288494e-01 5.55652574e-01 5.53030653e-01 5.50422684e-01 5.47828620e-01 5.45248410e-01 5.42682005e-01 5.40129353e-01 5.37590401e-01 5.35065095e-01 5.32553380e-01 5.30055203e-01 5.27570505e-01 5.25099230e-01 5.22641320e-01 5.20196718e-01 5.17765363e-01 5.15347196e-01 5.12942157e-01 5.10550186e-01 5.08171221e-01 5.05805200e-01 5.03452062e-01 5.01111745e-01
 Inf 4.89497022e-01 5.06151602e-01 5.24044807e-01 5.42394531e-01 5.60962042e-01 5.79643739e-01 5.98385815e-01 6.17157029e-01 6.35937812e-01 6.54715203e-01 6.73480255e-01 6.92226586e-01 7.10949525e-01 7.29645584e-01 7.48312111e-01 7.44950541e-01 7.41586001e-01 7.38220311e-01 7.34855068e-01 7.31491680e-01 7.28131397e-01 7.24775334e-01 7.21424487e-01 7.18079751e-01 7.14741929e-01 7.11411749e-01 7.08089867e-01 7.04776880e-01 7.01473329e-01 6.98179704e-01 6.94896455e-01 6.91623988e-01 6.88362677e-01 6.85112860e-01 6.81874848e-01 6.78648924e-01 6.75435346e-01 6.72234351e-01 6.69046153e-01 6.65870948e-01 6.62708916e-01 6.59560219e-01 6.56425004e-01 6.53303404e-01 6.50195542e-01 6.47101525e-01 6.44021452e-01 6.40955410e-01 6.37903478e-01 6.34865724e-01 6.31842209e-01 6.28832986e-01 6.25838101e-01 6.22857592e-01 6.19891493e-01 6.16939829e-01 6.14002621e-01 6.11079884e-01 6.08171630e-01 6.05277865e-01 6.02398589e-01 5.99533800e-01 5.96683492e-01 5.93847654e-01 5.91026274e-01 5.88219334e-01 5.85426814e-01 5.82648692e-01 5.79884942e-01 5.77135537e-01 5.74400446e-01 5.71679635e-01 5.68973072e-01 5.66280718e-01 5.63602535e-01 5.60938482e-01 5.58288518e-01 5.55652597e-01 5.53030676e-01 5.50422708e-01 5.47828643e-01 5.45248433e-01 5.42682028e-01 5.40129376e-01 5.37590423e-01 5.35065117e-01 5.32553403e-01 5.30055225e-01 5.27570527e-01 5.25099252e-01 5.22641342e-01 5.20196739e-01 5.17765384e-01 5.15347217e-01 5.12942178e-01 5.10550207e-01 5.08171242e-01 5.05805221e-01 5.03452083e-01 5.01111765e-01
 Inf 4.89497040e-01 5.06151622e-01 5.24044827e-01 5.42394552e-01 5.60962064e-01 5.79643762e-01 5.98385837e-01 6.17157053e-01 6.35937836e-01 6.54715228e-01 6.73480281e-01 6.92226612e-01 7.10949552e-01 7.29645611e-01 7.48312139e-01 7.44950569e-01 7.41586029e-01 7.38220339e-01 7.34855095e-01 7.31491707e-01 7.28131424e-01 7.24775361e-01 7.21424514e-01 7.18079777e-01 7.14741955e-01 7.11411775e-01 7.08089893e-01 7.04776906e-01 7.01473354e-01 6.98179730e-01 6.94896480e-01 6.91624013e-01 6.88362702e-01 6.85112885e-01 6.81874873e-01 6.78648948e-01 6.75435371e-01 6.72234375e-01 6.69046177e-01 6.65870972e-01 6.62708940e-01 6.59560242e-01 6.56425027e-01 6.53303427e-01 6.50195565e-01 6.47101548e-01 6.44021475e-01 6.40955433e-01 6.37903500e-01 6.34865746e-01 6.31842231e-01 6.28833008e-01 6.25838123e-01 6.22857614e-01 6.19891514e-01 6.16939850e-01 6.14002642e-01 6.11079905e-01 6.08171651e-01 6.05277886e-01 6.02398609e-01 5.99533820e-01 5.96683512e-01 5.93847675e-01 5.91026294e-01 5.88219354e-01 5.85426834e-01 5.82648712e-01 5.79884962e-01 5.77135556e-01 5.74400465e-01 5.71679655e-01 5.68973091e-01 5.66280737e-01 5.63602553e-01 5.60938501e-01 5.58288536e-01 5.55652616e-01 5.53030695e-01 5.50422726e-01 5.47828661e-01 5.45248451e-01 5.42682046e-01 5.40129393e-01 5.37590441e-01 5.35065135e-01 5.32553420e-01 5.30055242e-01 5.27570544e-01 5.25099269e-01 5.22641359e-01 5.20196756e-01 5.17765401e-01 5.15347234e-01 5.12942195e-01 5.10550223e-01 5.08171258e-01 5.05805237e-01 5.03452099e-01 5.01111781e-01
 Inf 4.89497054e-01 5.06151636e-01 5.24044842e-01 5.42394567e-01 5.60962079e-01 5.79643778e-01 5.98385854e-01 6.17157070e-01 6.35937853e-01 6.54715246e-01 6.73480299e-01 6.92226631e-01 7.10949571e-01 7.29645631e-01 7.48312159e-01 7.44950588e-01 7.41586049e-01 7.38220359e-01 7.34855115e-01 7.31491726e-01 7.28131444e-01 7.24775380e-01 7.21424533e-01 7.18079796e-01 7.14741974e-01 7.11411793e-01 7.08089912e-01 7.04776924e-01 7.01473373e-01 6.98179748e-01 6.94896498e-01 6.91624031e-01 6.88362719e-01 6.85112902e-01 6.81874890e-01 6.78648966e-01 6.75435388e-01 6.72234392e-01 6.69046194e-01 6.65870989e-01 6.62708957e-01 6.59560259e-01 6.56425043e-01 6.53303444e-01 6.50195581e-01 6.47101564e-01 6.44021491e-01 6.40955449e-01 6.37903516e-01 6.34865762e-01 6.31842247e-01 6.28833024e-01 6.25838138e-01 6.22857629e-01 6.19891530e-01 6.16939865e-01 6.14002657e-01 6.11079920e-01 6.08171666e-01 6.05277900e-01 6.02398624e-01 5.99533835e-01 5.96683527e-01 5.93847689e-01 5.91026308e-01 5.88219368e-01 5.85426848e-01 5.82648726e-01 5.79884976e-01 5.77135570e-01 5.74400479e-01 5.71679668e-01 5.68973104e-01 5.66280750e-01 5.63602567e-01 5.60938514e-01 5.58288549e-01 5.55652629e-01 5.53030708e-01 5.50422739e-01 5.47828674e-01 5.45248464e-01 5.42682059e-01 5.40129406e-01 5.37590453e-01 5.35065147e-01 5.32553432e-01 5.30055254e-01 5.27570556e-01 5.25099281e-01 5.22641371e-01 5.20196768e-01 5.17765413e-01 5.15347246e-01 5.12942207e-01 5.10550235e-01 5.08171269e-01 5.05805249e-01 5.03452110e-01 5.01111793e-01
 Inf 4.89497062e-01 5.06151644e-01 5.24044850e-01 5.42394576e-01 5.60962088e-01 5.79643787e-01 5.98385864e-01 6.17157080e-01 6.35937864e-01 6.54715256e-01 6.73480310e-01 6.92226642e-01 7.10949583e-01 7.29645643e-01 7.48312171e-01 7.44950600e-01 7.41586061e-01 7.38220370e-01 7.34855126e-01 7.31491738e-01 7.28131455e-01 7.24775392e-01 7.21424544e-01 7.18079807e-01 7.14741985e-01 7.11411805e-01 7.08089923e-01 7.04776936e-01 7.01473384e-01 6.98179759e-01 6.94896509e-01 6.91624042e-01 6.88362730e-01 6.85112913e-01 6.81874901e-01 6.78648976e-01 6.75435398e-01 6.72234402e-01 6.69046204e-01 6.65870999e-01 6.62708967e-01 6.59560269e-01 6.56425053e-01 6.53303454e-01 6.50195591e-01 6.47101574e-01 6.44021501e-01 6.40955459e-01 6.37903526e-01 6.34865771e-01 6.31842256e-01 6.28833033e-01 6.25838148e-01 6.22857639e-01 6.19891539e-01 6.16939874e-01 6.14002666e-01 6.11079930e-01 6.08171675e-01 6.05277909e-01 6.02398633e-01 5.99533844e-01 5.96683535e-01 5.93847698e-01 5.91026317e-01 5.88219377e-01 5.85426857e-01 5.82648734e-01 5.79884984e-01 5.77135579e-01 5.74400487e-01 5.71679676e-01 5.68973113e-01 5.66280758e-01 5.63602575e-01 5.60938522e-01 5.58288557e-01 5.55652637e-01 5.53030716e-01 5.50422747e-01 5.47828682e-01 5.45248472e-01 5.42682066e-01 5.40129414e-01 5.37590461e-01 5.35065154e-01 5.32553440e-01 5.30055262e-01 5.27570563e-01 5.25099288e-01 5.22641378e-01 5.20196775e-01 5.17765420e-01 5.15347253e-01 5.12942214e-01 5.10550242e-01 5.08171276e-01 5.05805255e-01 5.03452117e-01 5.01111800e-01
 Inf 4.89497065e-01 5.06151647e-01 5.24044853e-01 5.42394579e-01 5.60962092e-01 5.79643790e-01 5.98385867e-01 6.17157083e-01 6.35937867e-01 6.54715260e-01 6.73480313e-01 6.92226646e-01 7.10949587e-01 7.29645646e-01 7.48312175e-01 7.44950604e-01 7.41586065e-01 7.38220374e-01 7.34855130e-01 7.31491742e-01 7.28131459e-01 7.24775396e-01 7.21424548e-01 7.18079811e-01 7.14741989e-01 7.11411808e-01 7.08089927e-01 7.04776939e-01 7.01473387e-01 6.98179762e-01 6.94896512e-01 6.91624045e-01 6.88362734e-01 6.85112916e-01 6.81874904e-01 6.78648980e-01 6.75435402e-01 6.72234406e-01 6.69046207e-01 6.65871003e-01 6.62708970e-01 6.59560272e-01 6.56425057e-01 6.53303457e-01 6.50195594e-01 6.47101577e-01 6.44021504e-01 6.40955462e-01 6.37903529e-01 6.34865775e-01 6.31842259e-01 6.28833036e-01 6.25838151e-01 6.22857642e-01 6.19891542e-01 6.16939877e-01 6.14002669e-01 6.11079933e-01 6.08171678e-01 6.05277912e-01 6.02398636e-01 5.99533847e-01 5.96683538e-01 5.93847701e-01 5.91026320e-01 5.88219379e-01 5.85426859e-01 5.82648737e-01 5.79884987e-01 5.77135581e-01 5.74400490e-01 5.71679679e-01 5.68973115e-01 5.66280761e-01 5.63602578e-01 5.60938525e-01 5.58288560e-01 5.55652640e-01 5.53030718e-01 5.50422749e-01 5.47828684e-01 5.45248474e-01 5.42682069e-01 5.40129416e-01 5.37590463e-01 5.35065157e-01 5.32553442e-01 5.30055264e-01 5.27570566e-01 5.25099291e-01 5.22641381e-01 5.20196778e-01 5.17765422e-01 5.15347255e-01 5.12942216e-01 5.10550244e-01 5.08171279e-01 5.05805258e-01 5.03452120e-01 5.01111802e-01
 Inf 4.89497062e-01 5.06151644e-01 5.24044850e-01 5.42394576e-01 5.60962088e-01 5.79643787e-01 5.98385864e-01 6.17157080e-01 6.35937864e-01 6.54715256e-01 6.73480310e-01 6.92226642e-01 7.10949583e-01 7.29645643e-01 7.48312171e-01 7.44950600e-01 7.41586061e-01 7.38220370e-01 7.34855126e-01 7.31491738e-01 7.28131455e-01 7.24775392e-01 7.21424544e-01 7.18079807e-01 7.14741985e-01 7.11411805e-01 7.08089923e-01 7.04776936e-01 7.01473384e-01 6.98179759e-01 6.94896509e-01 6.91624042e-01 6.88362730e-01 6.85112913e-01 6.81874901e-01 6.78648976e-01 6.75435398e-01 6.72234402e-01 6.69046204e-01 6.65870999e-01 6.62708967e-01 6.59560269e-01 6.56425053e-01 6.53303454e-01 6.50195591e-01 6.47101574e-01 6.44021501e-01 6.40955459e-01 6.37903526e-01 6.34865771e-01 6.31842256e-01 6.28833033e-01 6.25838148e-01 6.22857639e-01 6.19891539e-01 6.16939874e-01 6.14002666e-01 6.11079930e-01 6.08171675e-01 6.05277909e-01 6.02398633e-01 5.99533844e-01 5.96683535e-01 5.93847698e-01 5.91026317e-01 5.88219377e-01 5.85426857e-01 5.82648734e-01 5.79884984e-01 5.77135579e-01 5.74400487e-01 5.71679676e-01 5.68973113e-01 5.66280758e-01 5.63602575e-01 5.60938522e-01 5.58288557e-01 5.55652637e-01 5.53030716e-01 5.50422747e-01 5.47828682e-01 5.45248472e-01 5.42682066e-01 5.40129414e-01 5.37590461e-01 5.35065154e-01 5.32553440e-01 5.30055262e-01 5.27570563e-01 5.25099288e-01 5.22641378e-01 5.20196775e-01 5.17765420e-01 5.15347253e-01 5.12942214e-01 5.10550242e-01 5.08171276e-01 5.05805255e-01 5.03452117e-01 5.01111800e-01
 Inf 4.89497054e-01 5.06151636e-01 5.24044842e-01 5.42394567e-01 5.60962079e-01 5.79643778e-01 5.98385854e-01 6.17157070e-01 6.35937853e-01 6.54715246e-01 6.73480299e-01 6.92226631e-01 7.10949571e-01 7.29645631e-01 7.48312159e-01 7.44950588e-01 7.41586049e-01 7.38220359e-01 7.34855115e-01 7.31491726e-01 7.28131444e-01 7.24775380e-01 7.21424533e-01 7.18079796e-01 7.14741974e-01 7.11411793e-01 7.08089912e-01 7.04776924e-01 7.01473373e-01 6.98179748e-01 6.94896498e-01 6.91624031e-01 6.88362719e-01 6.85112902e-01 6.81874890e-01 6.78648966e-01 6.75435388e-01 6.72234392e-01 6.69046194e-01 6.65870989e-01 6.62708957e-01 6.59560259e-01 6.56425043e-01 6.53303444e-01 6.50195581e-01 6.47101564e-01 6.44021491e-01 6.40955449e-01 6.37903516e-01 6.34865762e-01 6.31842247e-01 6.28833024e-01 6.25838138e-01 6.22857629e-01 6.19891530e-01 6.16939865e-01 6.14002657e-01 6.11079920e-01 6.08171666e-01 6.05277900e-01 6.02398624e-01 5.99533835e-01 5.96683527e-01 5.93847689e-01 5.91026308e-01 5.88219368e-01 5.85426848e-01 5.82648726e-01 5.79884976e-01 5.77135570e-01 5.74400479e-01 5.71679668e-01 5.68973104e-01 5.66280750e-01 5.63602567e-01 5.60938514e-01 5.58288549e-01 5.55652629e-01 5.53030708e-01 5.50422739e-01 5.47828674e-01 5.45248464e-01 5.42682059e-01 5.40129406e-01 5.37590453e-01 5.35065147e-01 5.32553432e-01 5.30055254e-01 5.27570556e-01 5.25099281e-01 5.22641371e-01 5.20196768e-01 5.17765413e-01 5.15347246e-01 5.12942207e-01 5.10550235e-01 5.08171269e-01 5.05805249e-01 5.03452110e-01 5.01111793e-01
 Inf 4.89497040e-01 5.06151622e-01 5.24044827e-01 5.42394552e-01 5.60962064e-01 5.79643762e-01 5.98385837e-01 6.17157053e-01 6.35937836e-01 6.54715228e-01 6.73480281e-01 6.92226612e-01 7.10949552e-01 7.29645611e-01 7.48312139e-01 7.44950569e-01 7.41586029e-01 7.38220339e-01 7.34855095e-01 7.31491707e-01 7.28131424e-01 7.24775361e-01 7.21424514e-01 7.18079777e-01 7.14741955e-01 7.11411775e-01 7.08089893e-01 7.04776906e-01 7.01473354e-01 6.98179730e-01 6.94896480e-01 6.91624013e-01 6.88362702e-01 6.85112885e-01 6.81874873e-01 6.78648948e-01 6.75435371e-01 6.72234375e-01 6.69046177e-01 6.65870972e-01 6.62708940e-01 6.59560242e-01 6.56425027e-01 6.53303427e-01 6.50195565e-01 6.47101548e-01 6.44021475e-01 6.40955433e-01 6.37903500e-01 6.34865746e-01 6.31842231e-01 6.28833008e-01 6.25838123e-01 6.22857614e-01 6.19891514e-01 6.16939850e-01 6.14002642e-01 6.11079905e-01 6.08171651e-01 6.05277886e-01 6.02398609e-01 5.99533820e-01 5.96683512e-01 5.93847675e-01 5.91026294e-01 5.88219354e-01 5.85426834e-01 5.82648712e-01 5.79884962e-01 5.77135556e-01 5.74400465e-01 5.71679655e-01 5.68973091e-01 5.66280737e-01 5.63602553e-01 5.60938501e-01 5.58288536e-01 5.55652616e-01 5.53030695e-01 5.50422726e-01 5.47828661e-01 5.45248451e-01 5.42682046e-01 5.40129393e-01 5.37590441e-01 5.35065135e-01 5.32553420e-01 5.30055242e-01 5.27570544e-01 5.25099269e-01 5.22641359e-01 5.20196756e-01 5.17765401e-01 5.15347234e-01 5.12942195e-01 5.10550223e-01 5.08171258e-01 5.05805237e-01 5.03452099e-01 5.01111781e-01
 Inf 4.89497022e-01 5.06151602e-01 5.24044807e-01 5.42394531e-01 5.60962042e-01 5.79643739e-01 5.98385815e-01 6.17157029e-01 6.35937812e-01 6.54715203e-01 6.73480255e-01 6.92226586e-01 7.10949525e-01 7.29645584e-01 7.48312111e-01 7.44950541e-01 7.41586001e-01 7.38220311e-01 7.34855068e-01 7.31491680e-01 7.28131397e-01 7.24775334e-01 7.21424487e-01 7.18079751e-01 7.14741929e-01 7.11411749e-01 7.08089867e-01 7.04776880e-01 7.01473329e-01 6.98179704e-01 6.94896455e-01 6.91623988e-01 6.88362677e-01 6.85112860e-01 6.81874848e-01 6.78648924e-01 6.75435346e-01 6.72234351e-01 6.69046153e-01 6.65870948e-01 6.62708916e-01 6.59560219e-01 6.56425004e-01 6.53303404e-01 6.50195542e-01 6.47101525e-01 6.44021452e-01 6.40955410e-01 6.37903478e-01 6.34865724e-01 6.31842209e-01 6.28832986e-01 6.25838101e-01 6.22857592e-01 6.19891493e-01 6.16939829e-01 6.14002621e-01 6.11079884e-01 6.08171630e-01 6.05277865e-01 6.02398589e-01 5.99533800e-01 5.96683492e-01 5.93847654e-01 5.91026274e-01 5.88219334e-01 5.85426814e-01 5.82648692e-01 5.79884942e-01 5.77135537e-01 5.74400446e-01 5.71679635e-01 5.68973072e-01 5.66280718e-01 5.63602535e-01 5.60938482e-01 5.58288518e-01 5.55652597e-01 5.53030676e-01 5.50422708e-01 5.47828643e-01 5.45248433e-01 5.42682028e-01 5.40129376e-01 5.37590423e-01 5.35065117e-01 5.32553403e-01 5.30055225e-01 5.27570527e-01 5.25099252e-01 5.22641342e-01 5.20196739e-01 5.17765384e-01 5.15347217e-01 5.12942178e-01 5.10550207e-01 5.08171242e-01 5.05805221e-01 5.03452083e-01 5.01111765e-01
 Inf 4.89496997e-01 5.06151577e-01 5.24044781e-01 5.42394504e-01 5.60962015e-01 5.79643711e-01 5.98385785e-01 6.17156999e-01 6.35937781e-01 6.54715171e-01 6.73480222e-01 6.92226552e-01 7.10949491e-01 7.29645548e-01 7.48312075e-01 7.44950505e-01 7.41585965e-01 7.38220276e-01 7.34855033e-01 7.31491645e-01 7.28131362e-01 7.24775300e-01 7.21424453e-01 7.18079716e-01 7.14741895e-01 7.11411715e-01 7.08089834e-01 7.04776847e-01 7.01473296e-01 6.98179671e-01 6.94896422e-01 6.91623956e-01 6.88362645e-01 6.85112828e-01 6.81874816e-01 6.78648893e-01 6.75435315e-01 6.72234320e-01 6.69046122e-01 6.65870918e-01 6.62708886e-01 6.59560189e-01 6.56424974e-01 6.53303374e-01 6.50195512e-01 6.47101496e-01 6.44021423e-01 6.40955381e-01 6.37903449e-01 6.34865695e-01 6.31842181e-01 6.28832958e-01 6.25838073e-01 6.22857565e-01 6.19891465e-01 6.16939801e-01 6.14002593e-01 6.11079857e-01 6.08171604e-01 6.05277838e-01 6.02398562e-01 5.99533774e-01 5.96683466e-01 5.93847628e-01 5.91026248e-01 5.88219308e-01 5.85426789e-01 5.82648667e-01 5.79884917e-01 5.77135512e-01 5.74400421e-01 5.71679611e-01 5.68973047e-01 5.66280693e-01 5.63602511e-01 5.60938458e-01 5.58288494e-01 5.55652574e-01 5.53030653e-01 5.50422684e-01 5.47828620e-01 5.45248410e-01 5.42682005e-01 5.40129353e-01 5.37590401e-01 5.35065095e-01 5.32553380e-01 5.30055203e-01 5.27570505e-01 5.25099230e-01 5.22641320e-01 5.20196718e-01 5.17765363e-01 5.15347196e-01 5.12942157e-01 5.10550186e-01 5.08171221e-01 5.05805200e-01 5.03452062e-01 5.01111745e-01
 Inf 4.89496967e-01 5.06151546e-01 5.24044750e-01 5.42394471e-01 5.60961981e-01 5.79643676e-01 5.98385749e-01 6.17156962e-01 6.35937743e-01 6.54715132e-01 6.73480182e-01 6.92226511e-01 7.10949449e-01 7.29645505e-01 7.48312030e-01 7.44950461e-01 7.41585922e-01 7.38220233e-01 7.34854989e-01 7.31491602e-01 7.28131320e-01 7.24775258e-01 7.21424411e-01 7.18079675e-01 7.14741854e-01 7.11411674e-01 7.08089793e-01 7.04776807e-01 7.01473255e-01 6.98179631e-01 6.94896382e-01 6.91623916e-01 6.88362605e-01 6.85112789e-01 6.81874778e-01 6.78648854e-01 6.75435277e-01 6.72234282e-01 6.69046084e-01 6.65870880e-01 6.62708849e-01 6.59560152e-01 6.56424937e-01 6.53303338e-01 6.50195476e-01 6.47101460e-01 6.44021387e-01 6.40955346e-01 6.37903414e-01 6.34865660e-01 6.31842146e-01 6.28832923e-01 6.25838039e-01 6.22857531e-01 6.19891431e-01 6.16939768e-01 6.14002560e-01 6.11079824e-01 6.08171571e-01 6.05277805e-01 6.02398530e-01 5.99533741e-01 5.96683434e-01 5.93847597e-01 5.91026217e-01 5.88219277e-01 5.85426757e-01 5.82648636e-01 5.79884887e-01 5.77135482e-01 5.74400390e-01 5.71679581e-01 5.68973017e-01 5.66280664e-01 5.63602481e-01 5.60938429e-01 5.58288465e-01 5.55652545e-01 5.53030624e-01 5.50422656e-01 5.47828592e-01 5.45248382e-01 5.42681977e-01 5.40129325e-01 5.37590373e-01 5.35065067e-01 5.32553353e-01 5.30055176e-01 5.27570478e-01 5.25099203e-01 5.22641294e-01 5.20196691e-01 5.17765337e-01 5.15347170e-01 5.12942131e-01 5.10550160e-01 5.08171195e-01 5.05805175e-01 5.03452037e-01 5.01111720e-01
 Inf 4.89496932e-01 5.06151510e-01 5.24044712e-01 5.42394433e-01 5.60961941e-01 5.79643635e-01 5.98385707e-01 6.17156918e-01 6.35937698e-01 6.54715086e-01 6.73480135e-01 6.92226463e-01 7.10949399e-01 7.29645454e-01 7.48311978e-01 7.44950409e-01 7.41585870e-01 7.38220181e-01 7.34854939e-01 7.31491551e-01 7.28131270e-01 7.24775208e-01 7.21424362e-01 7.18079626e-01 7.14741805e-01 7.11411625e-01 7.08089745e-01 7.04776759e-01 7.01473208e-01 6.98179584e-01 6.94896335e-01 6.91623870e-01 6.88362559e-01 6.85112743e-01 6.81874732e-01 6.78648809e-01 6.75435232e-01 6.72234237e-01 6.69046040e-01 6.65870836e-01 6.62708805e-01 6.59560108e-01 6.56424894e-01 6.53303295e-01 6.50195433e-01 6.47101417e-01 6.44021345e-01 6.40955304e-01 6.37903372e-01 6.34865619e-01 6.31842105e-01 6.28832883e-01 6.25837998e-01 6.22857490e-01 6.19891392e-01 6.16939728e-01 6.14002521e-01 6.11079785e-01 6.08171532e-01 6.05277767e-01 6.02398492e-01 5.99533703e-01 5.96683396e-01 5.93847559e-01 5.91026179e-01 5.88219240e-01 5.85426721e-01 5.82648599e-01 5.79884850e-01 5.77135445e-01 5.74400355e-01 5.71679545e-01 5.68972982e-01 5.66280629e-01 5.63602446e-01 5.60938394e-01 5.58288430e-01 5.55652511e-01 5.53030590e-01 5.50422622e-01 5.47828558e-01 5.45248349e-01 5.42681944e-01 5.40129292e-01 5.37590340e-01 5.35065035e-01 5.32553321e-01 5.30055144e-01 5.27570446e-01 5.25099172e-01 5.22641263e-01 5.20196660e-01 5.17765306e-01 5.15347139e-01 5.12942101e-01 5.10550130e-01 5.08171165e-01 5.05805145e-01 5.03452007e-01 5.01111690e-01
 Inf 4.89496892e-01 5.06151468e-01 5.24044669e-01 5.42394388e-01 5.60961895e-01 5.79643587e-01 5.98385658e-01 6.17156868e-01 6.35937646e-01 6.54715032e-01 6.73480080e-01 6.92226406e-01 7.10949341e-01 7.29645395e-01 7.48311918e-01 7.44950349e-01 7.41585811e-01 7.38220122e-01 7.34854880e-01 7.31491493e-01 7.28131212e-01 7.24775150e-01 7.21424304e-01 7.18079569e-01 7.14741748e-01 7.11411569e-01 7.08089689e-01 7.04776703e-01 7.01473153e-01 6.98179530e-01 6.94896281e-01 6.91623816e-01 6.88362506e-01 6.85112690e-01 6.81874679e-01 6.78648756e-01 6.75435180e-01 6.72234186e-01 6.69045989e-01 6.65870785e-01 6.62708754e-01 6.59560058e-01 6.56424844e-01 6.53303246e-01 6.50195384e-01 6.47101368e-01 6.44021296e-01 6.40955256e-01 6.37903324e-01 6.34865571e-01 6.31842058e-01 6.28832836e-01 6.25837952e-01 6.22857444e-01 6.19891346e-01 6.16939682e-01 6.14002475e-01 6.11079740e-01 6.08171487e-01 6.05277722e-01 6.02398447e-01 5.99533659e-01 5.96683352e-01 5.93847516e-01 5.91026136e-01 5.88219197e-01 5.85426678e-01 5.82648557e-01 5.79884808e-01 5.77135404e-01 5.74400313e-01 5.71679504e-01 5.68972941e-01 5.66280588e-01 5.63602406e-01 5.60938354e-01 5.58288391e-01 5.55652471e-01 5.53030551e-01 5.50422583e-01 5.47828519e-01 5.45248311e-01 5.42681906e-01 5.40129254e-01 5.37590303e-01 5.35064997e-01 5.32553284e-01 5.30055107e-01 5.27570409e-01 5.25099135e-01 5.22641226e-01 5.20196624e-01 5.17765270e-01 5.15347104e-01 5.12942066e-01 5.10550095e-01 5.08171130e-01 5.05805110e-01 5.03451973e-01 5.01111656e-01
 Inf 4.89496846e-01 5.06151421e-01 5.24044620e-01 5.42394337e-01 5.60961842e-01 5.79643533e-01 5.98385602e-01 6.17156811e-01 6.35937587e-01 6.54714972e-01 6.73480018e-01 6.92226343e-01 7.10949276e-01 7.29645328e-01 7.48311850e-01 7.44950281e-01 7.41585743e-01 7.38220055e-01 7.34854813e-01 7.31491427e-01 7.28131146e-01 7.24775085e-01 7.21424240e-01 7.18079504e-01 7.14741684e-01 7.11411506e-01 7.08089626e-01 7.04776641e-01 7.01473091e-01 6.98179468e-01 6.94896220e-01 6.91623755e-01 6.88362445e-01 6.85112630e-01 6.81874620e-01 6.78648697e-01 6.75435121e-01 6.72234127e-01 6.69045930e-01 6.65870728e-01 6.62708697e-01 6.59560001e-01 6.56424787e-01 6.53303189e-01 6.50195328e-01 6.47101313e-01 6.44021241e-01 6.40955201e-01 6.37903270e-01 6.34865517e-01 6.31842004e-01 6.28832783e-01 6.25837899e-01 6.22857392e-01 6.19891293e-01 6.16939631e-01 6.14002424e-01 6.11079689e-01 6.08171436e-01 6.05277672e-01 6.02398397e-01 5.99533610e-01 5.96683303e-01 5.93847467e-01 5.91026088e-01 5.88219149e-01 5.85426630e-01 5.82648509e-01 5.79884761e-01 5.77135357e-01 5.74400266e-01 5.71679458e-01 5.68972895e-01 5.66280542e-01 5.63602360e-01 5.60938309e-01 5.58288346e-01 5.55652427e-01 5.53030507e-01 5.50422539e-01 5.47828476e-01 5.45248267e-01 5.42681863e-01 5.40129212e-01 5.37590260e-01 5.35064955e-01 5.32553242e-01 5.30055065e-01 5.27570368e-01 5.25099094e-01 5.22641185e-01 5.20196584e-01 5.17765229e-01 5.15347064e-01 5.12942026e-01 5.10550055e-01 5.08171091e-01 5.05805071e-01 5.03451934e-01 5.01111618e-01
 Inf 4.89496794e-01 5.06151368e-01 5.24044565e-01 5.42394281e-01 5.60961784e-01 5.79643473e-01 5.98385540e-01 6.17156747e-01 6.35937521e-01 6.54714905e-01 6.73479949e-01 6.92226272e-01 7.10949203e-01 7.29645254e-01 7.48311773e-01 7.44950205e-01 7.41585668e-01 7.38219980e-01 7.34854739e-01 7.31491353e-01 7.28131073e-01 7.24775012e-01 7.21424167e-01 7.18079433e-01 7.14741613e-01 7.11411435e-01 7.08089556e-01 7.04776571e-01 7.01473021e-01 6.98179399e-01 6.94896151e-01 6.91623687e-01 6.88362377e-01 6.85112563e-01 6.81874553e-01 6.78648631e-01 6.75435055e-01 6.72234062e-01 6.69045865e-01 6.65870663e-01 6.62708633e-01 6.59559937e-01 6.56424724e-01 6.53303127e-01 6.50195266e-01 6.47101251e-01 6.44021180e-01 6.40955140e-01 6.37903209e-01 6.34865457e-01 6.31841944e-01 6.28832723e-01 6.25837840e-01 6.22857333e-01 6.19891235e-01 6.16939573e-01 6.14002366e-01 6.11079632e-01 6.08171380e-01 6.05277616e-01 6.02398341e-01 5.99533554e-01 5.96683248e-01 5.93847412e-01 5.91026033e-01 5.88219094e-01 5.85426576e-01 5.82648456e-01 5.79884708e-01 5.77135304e-01 5.74400214e-01 5.71679406e-01 5.68972843e-01 5.66280491e-01 5.63602309e-01 5.60938258e-01 5.58288295e-01 5.55652377e-01 5.53030457e-01 5.50422490e-01 5.47828427e-01 5.45248218e-01 5.42681815e-01 5.40129164e-01 5.37590212e-01 5.35064908e-01 5.32553195e-01 5.30055018e-01 5.27570322e-01 5.25099048e-01 5.22641140e-01 5.20196538e-01 5.17765184e-01 5.15347019e-01 5.12941981e-01 5.10550011e-01 5.08171047e-01 5.05805027e-01 5.03451891e-01 5.01111575e-01
 Inf 4.89496737e-01 5.06151309e-01 5.24044504e-01 5.42394218e-01 5.60961719e-01 5.79643407e-01 5.98385472e-01 6.17156676e-01 6.35937449e-01 6.54714830e-01 6.73479872e-01 6.92226193e-01 7.10949123e-01 7.29645171e-01 7.48311689e-01 7.44950121e-01 7.41585585e-01 7.38219898e-01 7.34854657e-01 7.31491271e-01 7.28130992e-01 7.24774932e-01 7.21424087e-01 7.18079353e-01 7.14741534e-01 7.11411356e-01 7.08089478e-01 7.04776493e-01 7.01472944e-01 6.98179323e-01 6.94896076e-01 6.91623612e-01 6.88362303e-01 6.85112488e-01 6.81874479e-01 6.78648557e-01 6.75434982e-01 6.72233989e-01 6.69045794e-01 6.65870592e-01 6.62708562e-01 6.59559867e-01 6.56424654e-01 6.53303057e-01 6.50195197e-01 6.47101183e-01 6.44021112e-01 6.40955072e-01 6.37903142e-01 6.34865390e-01 6.31841878e-01 6.28832657e-01 6.25837774e-01 6.22857268e-01 6.19891171e-01 6.16939509e-01 6.14002303e-01 6.11079569e-01 6.08171317e-01 6.05277553e-01 6.02398279e-01 5.99533493e-01 5.96683187e-01 5.93847351e-01 5.91025973e-01 5.88219035e-01 5.85426517e-01 5.82648397e-01 5.79884649e-01 5.77135246e-01 5.74400156e-01 5.71679348e-01 5.68972786e-01 5.66280434e-01 5.63602253e-01 5.60938202e-01 5.58288240e-01 5.55652321e-01 5.53030402e-01 5.50422435e-01 5.47828373e-01 5.45248165e-01 5.42681761e-01 5.40129110e-01 5.37590160e-01 5.35064855e-01 5.32553143e-01 5.30054966e-01 5.27570270e-01 5.25098997e-01 5.22641089e-01 5.20196488e-01 5.17765134e-01 5.15346969e-01 5.12941932e-01 5.10549962e-01 5.08170998e-01 5.05804979e-01 5.03451843e-01 5.01111527e-01
 Inf 4.89496675e-01 5.06151245e-01 5.24044438e-01 5.42394149e-01 5.60961649e-01 5.79643334e-01 5.98385396e-01 6.17156599e-01 6.35937369e-01 6.54714748e-01 6.73479788e-01 6.92226107e-01 7.10949035e-01 7.29645081e-01 7.48311596e-01 7.44950030e-01 7.41585494e-01 7.38219807e-01 7.34854567e-01 7.31491182e-01 7.28130903e-01 7.24774843e-01 7.21424000e-01 7.18079266e-01 7.14741448e-01 7.11411271e-01 7.08089392e-01 7.04776409e-01 7.01472860e-01 6.98179239e-01 6.94895993e-01 6.91623529e-01 6.88362221e-01 6.85112407e-01 6.81874398e-01 6.78648477e-01 6.75434903e-01 6.72233910e-01 6.69045715e-01 6.65870514e-01 6.62708484e-01 6.59559790e-01 6.56424577e-01 6.53302981e-01 6.50195121e-01 6.47101108e-01 6.44021037e-01 6.40954998e-01 6.37903069e-01 6.34865317e-01 6.31841805e-01 6.28832585e-01 6.25837703e-01 6.22857197e-01 6.19891100e-01 6.16939439e-01 6.14002233e-01 6.11079500e-01 6.08171248e-01 6.05277485e-01 6.02398212e-01 5.99533425e-01 5.96683120e-01 5.93847285e-01 5.91025907e-01 5.88218969e-01 5.85426452e-01 5.82648332e-01 5.79884585e-01 5.77135182e-01 5.74400093e-01 5.71679285e-01 5.68972724e-01 5.66280372e-01 5.63602191e-01 5.60938141e-01 5.58288179e-01 5.55652261e-01 5.53030342e-01 5.50422376e-01 5.47828313e-01 5.45248106e-01 5.42681703e-01 5.40129052e-01 5.37590102e-01 5.35064798e-01 5.32553086e-01 5.30054910e-01 5.27570214e-01 5.25098941e-01 5.22641033e-01 5.20196433e-01 5.17765080e-01 5.15346915e-01 5.12941878e-01 5.10549908e-01 5.08170945e-01 5.05804926e-01 5.03451790e-01 5.01111475e-01
 Inf 4.89496607e-01 5.06151175e-01 5.24044366e-01 5.42394075e-01 5.60961572e-01 5.79643254e-01 5.98385315e-01 6.17156515e-01 6.35937283e-01 6.54714659e-01 6.73479697e-01 6.92226014e-01 7.10948939e-01 7.29644983e-01 7.48311496e-01 7.44949930e-01 7.41585394e-01 7.38219709e-01 7.34854469e-01 7.31491085e-01 7.28130806e-01 7.24774747e-01 7.21423904e-01 7.18079171e-01 7.14741354e-01 7.11411177e-01 7.08089300e-01 7.04776317e-01 7.01472769e-01 6.98179148e-01 6.94895902e-01 6.91623439e-01 6.88362132e-01 6.85112319e-01 6.81874310e-01 6.78648390e-01 6.75434816e-01 6.72233824e-01 6.69045630e-01 6.65870429e-01 6.62708400e-01 6.59559706e-01 6.56424494e-01 6.53302898e-01 6.50195039e-01 6.47101026e-01 6.44020956e-01 6.40954918e-01 6.37902989e-01 6.34865238e-01 6.31841726e-01 6.28832507e-01 6.25837625e-01 6.22857120e-01 6.19891023e-01 6.16939362e-01 6.14002157e-01 6.11079424e-01 6.08171173e-01 6.05277411e-01 6.02398138e-01 5.99533352e-01 5.96683047e-01 5.93847213e-01 5.91025835e-01 5.88218898e-01 5.85426381e-01 5.82648262e-01 5.79884515e-01 5.77135113e-01 5.74400024e-01 5.71679217e-01 5.68972656e-01 5.66280305e-01 5.63602124e-01 5.60938074e-01 5.58288113e-01 5.55652195e-01 5.53030277e-01 5.50422311e-01 5.47828249e-01 5.45248042e-01 5.42681639e-01 5.40128989e-01 5.37590039e-01 5.35064736e-01 5.32553024e-01 5.30054848e-01 5.27570153e-01 5.25098880e-01 5.22640973e-01 5.20196373e-01 5.17765020e-01 5.15346856e-01 5.12941819e-01 5.10549850e-01 5.08170887e-01 5.05804869e-01 5.03451733e-01 5.01111418e-01
 Inf 4.89496534e-01 5.06151100e-01 5.24044288e-01 5.42393995e-01 5.60961489e-01 5.79643169e-01 5.98385227e-01 6.17156424e-01 6.35937189e-01 6.54714564e-01 6.73479599e-01 6.92225913e-01 7.10948835e-01 7.29644877e-01 7.48311387e-01 7.44949822e-01 7.41585287e-01 7.38219602e-01 7.34854363e-01 7.31490980e-01 7.28130702e-01 7.24774644e-01 7.21423802e-01 7.18079069e-01 7.14741252e-01 7.11411076e-01 7.08089200e-01 7.04776217e-01 7.01472670e-01 6.98179050e-01 6.94895805e-01 6.91623343e-01 6.88362035e-01 6.85112223e-01 6.81874215e-01 6.78648296e-01 6.75434722e-01 6.72233731e-01 6.69045537e-01 6.65870337e-01 6.62708309e-01 6.59559616e-01 6.56424404e-01 6.53302809e-01 6.50194951e-01 6.47100938e-01 6.44020869e-01 6.40954831e-01 6.37902903e-01 6.34865152e-01 6.31841641e-01 6.28832422e-01 6.25837541e-01 6.22857036e-01 6.19890940e-01 6.16939280e-01 6.14002076e-01 6.11079343e-01 6.08171093e-01 6.05277331e-01 6.02398058e-01 5.99533273e-01 5.96682969e-01 5.93847135e-01 5.91025758e-01 5.88218821e-01 5.85426305e-01 5.82648186e-01 5.79884440e-01 5.77135038e-01 5.74399950e-01 5.71679143e-01 5.68972582e-01 5.66280232e-01 5.63602052e-01 5.60938002e-01 5.58288041e-01 5.55652124e-01 5.53030206e-01 5.50422241e-01 5.47828179e-01 5.45247973e-01 5.42681571e-01 5.40128921e-01 5.37589972e-01 5.35064668e-01 5.32552957e-01 5.30054782e-01 5.27570087e-01 5.25098815e-01 5.22640908e-01 5.20196308e-01 5.17764956e-01 5.15346792e-01 5.12941756e-01 5.10549787e-01 5.08170824e-01 5.05804806e-01 5.03451671e-01 5.01111356e-01
 Inf 4.89496456e-01 5.06151019e-01 5.24044204e-01 5.42393908e-01 5.60961400e-01 5.79643077e-01 5.98385132e-01 6.17156326e-01 6.35937089e-01 6.54714461e-01 6.73479493e-01 6.92225804e-01 7.10948724e-01 7.29644763e-01 7.48311271e-01 7.44949706e-01 7.41585172e-01 7.38219488e-01 7.34854250e-01 7.31490867e-01 7.28130590e-01 7.24774533e-01 7.21423691e-01 7.18078960e-01 7.14741143e-01 7.11410968e-01 7.08089092e-01 7.04776110e-01 7.01472564e-01 6.98178945e-01 6.94895700e-01 6.91623239e-01 6.88361932e-01 6.85112120e-01 6.81874114e-01 6.78648194e-01 6.75434622e-01 6.72233631e-01 6.69045438e-01 6.65870238e-01 6.62708211e-01 6.59559518e-01 6.56424308e-01 6.53302713e-01 6.50194855e-01 6.47100843e-01 6.44020775e-01 6.40954738e-01 6.37902810e-01 6.34865060e-01 6.31841550e-01 6.28832332e-01 6.25837451e-01 6.22856947e-01 6.19890851e-01 6.16939192e-01 6.14001988e-01 6.11079256e-01 6.08171006e-01 6.05277245e-01 6.02397973e-01 5.99533188e-01 5.96682884e-01 5.93847051e-01 5.91025674e-01 5.88218738e-01 5.85426223e-01 5.82648105e-01 5.79884359e-01 5.77134957e-01 5.74399870e-01 5.71679063e-01 5.68972504e-01 5.66280153e-01 5.63601974e-01 5.60937925e-01 5.58287964e-01 5.55652048e-01 5.53030131e-01 5.50422165e-01 5.47828105e-01 5.45247899e-01 5.42681497e-01 5.40128848e-01 5.37589899e-01 5.35064596e-01 5.32552885e-01 5.30054711e-01 5.27570016e-01 5.25098744e-01 5.22640838e-01 5.20196239e-01 5.17764887e-01 5.15346723e-01 5.12941688e-01 5.10549719e-01 5.08170757e-01 5.05804740e-01 5.03451605e-01 5.01111291e-01
 Inf 4.89496372e-01 5.06150932e-01 5.24044115e-01 5.42393816e-01 5.60961304e-01 5.79642978e-01 5.98385031e-01 6.17156222e-01 6.35936982e-01 6.54714350e-01 6.73479380e-01 6.92225688e-01 7.10948605e-01 7.29644641e-01 7.48311146e-01 7.44949583e-01 7.41585049e-01 7.38219366e-01 7.34854129e-01 7.31490747e-01 7.28130470e-01 7.24774414e-01 7.21423573e-01 7.18078842e-01 7.14741027e-01 7.11410852e-01 7.08088977e-01 7.04775996e-01 7.01472450e-01 6.98178832e-01 6.94895588e-01 6.91623127e-01 6.88361822e-01 6.85112011e-01 6.81874005e-01 6.78648086e-01 6.75434514e-01 6.72233524e-01 6.69045332e-01 6.65870133e-01 6.62708106e-01 6.59559414e-01 6.56424205e-01 6.53302611e-01 6.50194754e-01 6.47100742e-01 6.44020675e-01 6.40954638e-01 6.37902711e-01 6.34864962e-01 6.31841452e-01 6.28832234e-01 6.25837354e-01 6.22856851e-01 6.19890756e-01 6.16939097e-01 6.14001894e-01 6.11079163e-01 6.08170914e-01 6.05277153e-01 6.02397882e-01 5.99533097e-01 5.96682794e-01 5.93846961e-01 5.91025586e-01 5.88218650e-01 5.85426135e-01 5.82648017e-01 5.79884272e-01 5.77134871e-01 5.74399784e-01 5.71678979e-01 5.68972419e-01 5.66280070e-01 5.63601891e-01 5.60937843e-01 5.58287882e-01 5.55651966e-01 5.53030050e-01 5.50422085e-01 5.47828025e-01 5.45247819e-01 5.42681418e-01 5.40128769e-01 5.37589821e-01 5.35064519e-01 5.32552808e-01 5.30054634e-01 5.27569940e-01 5.25098669e-01 5.22640763e-01 5.20196164e-01 5.17764813e-01 5.15346650e-01 5.12941615e-01 5.10549647e-01 5.08170685e-01 5.05804668e-01 5.03451534e-01 5.01111220e-01
 Inf 4.89496283e-01 5.06150840e-01 5.24044020e-01 5.42393717e-01 5.60961203e-01 5.79642874e-01 5.98384923e-01 6.17156111e-01 6.35936868e-01 6.54714233e-01 6.73479260e-01 6.92225565e-01 7.10948479e-01 7.29644512e-01 7.48311014e-01 7.44949451e-01 7.41584919e-01 7.38219236e-01 7.34853999e-01 7.31490618e-01 7.28130343e-01 7.24774287e-01 7.21423447e-01 7.18078717e-01 7.14740902e-01 7.11410729e-01 7.08088855e-01 7.04775874e-01 7.01472330e-01 6.98178712e-01 6.94895469e-01 6.91623009e-01 6.88361704e-01 6.85111894e-01 6.81873889e-01 6.78647971e-01 6.75434400e-01 6.72233411e-01 6.69045219e-01 6.65870021e-01 6.62707995e-01 6.59559304e-01 6.56424095e-01 6.53302502e-01 6.50194645e-01 6.47100635e-01 6.44020568e-01 6.40954532e-01 6.37902605e-01 6.34864857e-01 6.31841348e-01 6.28832131e-01 6.25837252e-01 6.22856749e-01 6.19890655e-01 6.16938997e-01 6.14001794e-01 6.11079063e-01 6.08170815e-01 6.05277055e-01 6.02397784e-01 5.99533001e-01 5.96682698e-01 5.93846866e-01 5.91025491e-01 5.88218556e-01 5.85426041e-01 5.82647925e-01 5.79884180e-01 5.77134780e-01 5.74399693e-01 5.71678888e-01 5.68972330e-01 5.66279981e-01 5.63601802e-01 5.60937755e-01 5.58287795e-01 5.55651880e-01 5.53029963e-01 5.50421999e-01 5.47827940e-01 5.45247735e-01 5.42681334e-01 5.40128686e-01 5.37589738e-01 5.35064437e-01 5.32552727e-01 5.30054553e-01 5.27569860e-01 5.25098589e-01 5.22640684e-01 5.20196085e-01 5.17764734e-01 5.15346572e-01 5.12941537e-01 5.10549570e-01 5.08170609e-01 5.05804592e-01 5.03451458e-01 5.01111145e-01
 Inf 4.89496188e-01 5.06150742e-01 5.24043919e-01 5.42393613e-01 5.60961095e-01 5.79642763e-01 5.98384808e-01 6.17155994e-01 6.35936747e-01 6.54714109e-01 6.73479132e-01 6.92225434e-01 7.10948345e-01 7.29644374e-01 7.48310873e-01 7.44949311e-01 7.41584780e-01 7.38219098e-01 7.34853863e-01 7.31490482e-01 7.28130208e-01 7.24774153e-01 7.21423314e-01 7.18078585e-01 7.14740771e-01 7.11410598e-01 7.08088725e-01 7.04775746e-01 7.01472202e-01 6.98178585e-01 6.94895343e-01 6.91622884e-01 6.88361580e-01 6.85111770e-01 6.81873766e-01 6.78647849e-01 6.75434278e-01 6.72233290e-01 6.69045099e-01 6.65869902e-01 6.62707877e-01 6.59559187e-01 6.56423978e-01 6.53302386e-01 6.50194530e-01 6.47100520e-01 6.44020454e-01 6.40954419e-01 6.37902493e-01 6.34864746e-01 6.31841238e-01 6.28832022e-01 6.25837143e-01 6.22856641e-01 6.19890548e-01 6.16938890e-01 6.14001688e-01 6.11078958e-01 6.08170711e-01 6.05276951e-01 6.02397681e-01 5.99532898e-01 5.96682596e-01 5.93846765e-01 5.91025390e-01 5.88218456e-01 5.85425942e-01 5.82647826e-01 5.79884082e-01 5.77134683e-01 5.74399597e-01 5.71678793e-01 5.68972234e-01 5.66279886e-01 5.63601709e-01 5.60937661e-01 5.58287702e-01 5.55651788e-01 5.53029872e-01 5.50421909e-01 5.47827849e-01 5.45247645e-01 5.42681245e-01 5.40128598e-01 5.37589650e-01 5.35064349e-01 5.32552640e-01 5.30054467e-01 5.27569774e-01 5.25098504e-01 5.22640599e-01 5.20196001e-01 5.17764651e-01 5.15346489e-01 5.12941455e-01 5.10549488e-01 5.08170528e-01 5.05804512e-01 5.03451378e-01 5.01111066e-01
 Inf 4.89496088e-01 5.06150639e-01 5.24043812e-01 5.42393503e-01 5.60960981e-01 5.79642645e-01 5.98384688e-01 6.17155869e-01 6.35936619e-01 6.54713977e-01 6.73478997e-01 6.92225296e-01 7.10948203e-01 7.29644229e-01 7.48310725e-01 7.44949163e-01 7.41584633e-01 7.38218952e-01 7.34853718e-01 7.31490339e-01 7.28130065e-01 7.24774011e-01 7.21423173e-01 7.18078445e-01 7.14740632e-01 7.11410460e-01 7.08088588e-01 7.04775609e-01 7.01472066e-01 6.98178450e-01 6.94895209e-01 6.91622751e-01 6.88361448e-01 6.85111639e-01 6.81873636e-01 6.78647720e-01 6.75434150e-01 6.72233163e-01 6.69044973e-01 6.65869776e-01 6.62707752e-01 6.59559063e-01 6.56423855e-01 6.53302264e-01 6.50194409e-01 6.47100400e-01 6.44020334e-01 6.40954300e-01 6.37902375e-01 6.34864629e-01 6.31841121e-01 6.28831906e-01 6.25837028e-01 6.22856527e-01 6.19890434e-01 6.16938777e-01 6.14001576e-01 6.11078847e-01 6.08170600e-01 6.05276841e-01 6.02397572e-01 5.99532790e-01 5.96682489e-01 5.93846658e-01 5.91025284e-01 5.88218351e-01 5.85425838e-01 5.82647722e-01 5.79883979e-01 5.77134580e-01 5.74399495e-01 5.71678691e-01 5.68972134e-01 5.66279786e-01 5.63601609e-01 5.60937563e-01 5.58287604e-01 5.55651690e-01 5.53029775e-01 5.50421813e-01 5.47827754e-01 5.45247550e-01 5.42681151e-01 5.40128504e-01 5.37589558e-01 5.35064257e-01 5.32552548e-01 5.30054376e-01 5.27569684e-01 5.25098414e-01 5.22640510e-01 5.20195913e-01 5.17764563e-01 5.15346402e-01 5.12941368e-01 5.10549402e-01 5.08170442e-01 5.05804426e-01 5.03451294e-01 5.01110981e-01
 Inf 4.89495982e-01 5.06150530e-01 5.24043699e-01 5.42393387e-01 5.60960861e-01 5.79642522e-01 5.98384560e-01 6.17155738e-01 6.35936484e-01 6.54713839e-01 6.73478855e-01 6.92225150e-01 7.10948053e-01 7.29644076e-01 7.48310568e-01 7.44949008e-01 7.41584478e-01 7.38218799e-01 7.34853565e-01 7.31490187e-01 7.28129914e-01 7.24773861e-01 7.21423024e-01 7.18078297e-01 7.14740485e-01 7.11410315e-01 7.08088443e-01 7.04775466e-01 7.01471923e-01 6.98178308e-01 6.94895068e-01 6.91622611e-01 6.88361309e-01 6.85111501e-01 6.81873499e-01 6.78647584e-01 6.75434015e-01 6.72233029e-01 6.69044839e-01 6.65869644e-01 6.62707621e-01 6.59558932e-01 6.56423725e-01 6.53302135e-01 6.50194281e-01 6.47100273e-01 6.44020208e-01 6.40954175e-01 6.37902251e-01 6.34864505e-01 6.31840998e-01 6.28831784e-01 6.25836907e-01 6.22856406e-01 6.19890314e-01 6.16938658e-01 6.14001458e-01 6.11078730e-01 6.08170484e-01 6.05276726e-01 6.02397457e-01 5.99532676e-01 5.96682375e-01 5.93846545e-01 5.91025172e-01 5.88218240e-01 5.85425727e-01 5.82647613e-01 5.79883870e-01 5.77134472e-01 5.74399388e-01 5.71678585e-01 5.68972028e-01 5.66279681e-01 5.63601505e-01 5.60937459e-01 5.58287501e-01 5.55651588e-01 5.53029674e-01 5.50421712e-01 5.47827654e-01 5.45247451e-01 5.42681052e-01 5.40128406e-01 5.37589460e-01 5.35064160e-01 5.32552452e-01 5.30054280e-01 5.27569588e-01 5.25098320e-01 5.22640416e-01 5.20195819e-01 5.17764470e-01 5.15346309e-01 5.12941277e-01 5.10549311e-01 5.08170351e-01 5.05804337e-01 5.03451205e-01 5.01110893e-01
 Inf 4.89495871e-01 5.06150416e-01 5.24043581e-01 5.42393264e-01 5.60960735e-01 5.79642392e-01 5.98384426e-01 6.17155600e-01 6.35936342e-01 6.54713693e-01 6.73478705e-01 6.92224997e-01 7.10947896e-01 7.29643915e-01 7.48310403e-01 7.44948844e-01 7.41584316e-01 7.38218637e-01 7.34853405e-01 7.31490028e-01 7.28129756e-01 7.24773704e-01 7.21422868e-01 7.18078142e-01 7.14740331e-01 7.11410162e-01 7.08088291e-01 7.04775314e-01 7.01471773e-01 6.98178159e-01 6.94894920e-01 6.91622464e-01 6.88361163e-01 6.85111356e-01 6.81873354e-01 6.78647441e-01 6.75433873e-01 6.72232887e-01 6.69044699e-01 6.65869505e-01 6.62707482e-01 6.59558794e-01 6.56423589e-01 6.53301999e-01 6.50194146e-01 6.47100139e-01 6.44020075e-01 6.40954043e-01 6.37902120e-01 6.34864375e-01 6.31840869e-01 6.28831655e-01 6.25836779e-01 6.22856279e-01 6.19890189e-01 6.16938533e-01 6.14001334e-01 6.11078606e-01 6.08170361e-01 6.05276604e-01 6.02397336e-01 5.99532556e-01 5.96682256e-01 5.93846427e-01 5.91025055e-01 5.88218123e-01 5.85425611e-01 5.82647497e-01 5.79883756e-01 5.77134358e-01 5.74399275e-01 5.71678472e-01 5.68971916e-01 5.66279570e-01 5.63601395e-01 5.60937350e-01 5.58287393e-01 5.55651480e-01 5.53029567e-01 5.50421605e-01 5.47827548e-01 5.45247346e-01 5.42680948e-01 5.40128302e-01 5.37589357e-01 5.35064058e-01 5.32552350e-01 5.30054179e-01 5.27569488e-01 5.25098220e-01 5.22640317e-01 5.20195721e-01 5.17764373e-01 5.15346213e-01 5.12941180e-01 5.10549215e-01 5.08170256e-01 5.05804242e-01 5.03451111e-01 5.01110800e-01
 Inf 4.89495755e-01 5.06150295e-01 5.24043457e-01 5.42393136e-01 5.60960603e-01 5.79642255e-01 5.98384286e-01 6.17155456e-01 6.35936194e-01 6.54713541e-01 6.73478549e-01 6.92224836e-01 7.10947731e-01 7.29643746e-01 7.48310230e-01 7.44948673e-01 7.41584145e-01 7.38218468e-01 7.34853236e-01 7.31489860e-01 7.28129590e-01 7.24773539e-01 7.21422704e-01 7.18077979e-01 7.14740169e-01 7.11410001e-01 7.08088131e-01 7.04775156e-01 7.01471616e-01 6.98178003e-01 6.94894765e-01 6.91622310e-01 6.88361010e-01 6.85111204e-01 6.81873203e-01 6.78647290e-01 6.75433724e-01 6.72232739e-01 6.69044552e-01 6.65869359e-01 6.62707337e-01 6.59558650e-01 6.56423446e-01 6.53301857e-01 6.50194005e-01 6.47099999e-01 6.44019936e-01 6.40953904e-01 6.37901982e-01 6.34864238e-01 6.31840733e-01 6.28831520e-01 6.25836645e-01 6.22856147e-01 6.19890057e-01 6.16938402e-01 6.14001204e-01 6.11078477e-01 6.08170233e-01 6.05276476e-01 6.02397210e-01 5.99532430e-01 5.96682131e-01 5.93846303e-01 5.91024932e-01 5.88218000e-01 5.85425490e-01 5.82647376e-01 5.79883636e-01 5.77134239e-01 5.74399156e-01 5.71678355e-01 5.68971800e-01 5.66279454e-01 5.63601279e-01 5.60937235e-01 5.58287279e-01 5.55651367e-01 5.53029454e-01 5.50421494e-01 5.47827437e-01 5.45247236e-01 5.42680838e-01 5.40128194e-01 5.37589249e-01 5.35063951e-01 5.32552244e-01 5.30054074e-01 5.27569383e-01 5.25098116e-01 5.22640214e-01 5.20195618e-01 5.17764270e-01 5.15346111e-01 5.12941079e-01 5.10549115e-01 5.08170157e-01 5.05804143e-01 5.03451012e-01 5.01110702e-01
 Inf 4.89495633e-01 5.06150170e-01 5.24043327e-01 5.42393002e-01 5.60960465e-01 5.79642113e-01 5.98384139e-01 6.17155304e-01 6.35936038e-01 6.54713381e-01 6.73478384e-01 6.92224667e-01 7.10947559e-01 7.29643570e-01 7.48310050e-01 7.44948493e-01 7.41583967e-01 7.38218291e-01 7.34853060e-01 7.31489686e-01 7.28129416e-01 7.24773367e-01 7.21422533e-01 7.18077809e-01 7.14740000e-01 7.11409833e-01 7.08087964e-01 7.04774990e-01 7.01471451e-01 6.98177840e-01 6.94894603e-01 6.91622148e-01 6.88360849e-01 6.85111045e-01 6.81873045e-01 6.78647133e-01 6.75433568e-01 6.72232584e-01 6.69044398e-01 6.65869206e-01 6.62707185e-01 6.59558500e-01 6.56423296e-01 6.53301708e-01 6.50193857e-01 6.47099852e-01 6.44019790e-01 6.40953760e-01 6.37901838e-01 6.34864095e-01 6.31840591e-01 6.28831380e-01 6.25836505e-01 6.22856008e-01 6.19889919e-01 6.16938265e-01 6.14001068e-01 6.11078342e-01 6.08170098e-01 6.05276343e-01 6.02397077e-01 5.99532298e-01 5.96682000e-01 5.93846173e-01 5.91024802e-01 5.88217872e-01 5.85425362e-01 5.82647250e-01 5.79883510e-01 5.77134114e-01 5.74399032e-01 5.71678232e-01 5.68971677e-01 5.66279333e-01 5.63601159e-01 5.60937115e-01 5.58287160e-01 5.55651249e-01 5.53029337e-01 5.50421377e-01 5.47827321e-01 5.45247120e-01 5.42680724e-01 5.40128080e-01 5.37589136e-01 5.35063838e-01 5.32552133e-01 5.30053963e-01 5.27569273e-01 5.25098007e-01 5.22640105e-01 5.20195510e-01 5.17764163e-01 5.15346004e-01 5.12940974e-01 5.10549010e-01 5.08170052e-01 5.05804040e-01 5.03450909e-01 5.01110600e-01
 Inf 4.89495506e-01 5.06150039e-01 5.24043192e-01 5.42392862e-01 5.60960320e-01 5.79641964e-01 5.98383985e-01 6.17155146e-01 6.35935876e-01 6.54713214e-01 6.73478213e-01 6.92224492e-01 7.10947379e-01 7.29643385e-01 7.48309861e-01 7.44948305e-01 7.41583781e-01 7.38218105e-01 7.34852876e-01 7.31489503e-01 7.28129235e-01 7.24773186e-01 7.21422354e-01 7.18077631e-01 7.14739824e-01 7.11409657e-01 7.08087790e-01 7.04774817e-01 7.01471279e-01 6.98177669e-01 6.94894433e-01 6.91621980e-01 6.88360682e-01 6.85110879e-01 6.81872880e-01 6.78646969e-01 6.75433405e-01 6.72232423e-01 6.69044238e-01 6.65869046e-01 6.62707027e-01 6.59558342e-01 6.56423140e-01 6.53301553e-01 6.50193703e-01 6.47099699e-01 6.44019638e-01 6.40953608e-01 6.37901688e-01 6.34863946e-01 6.31840443e-01 6.28831232e-01 6.25836359e-01 6.22855862e-01 6.19889774e-01 6.16938122e-01 6.14000925e-01 6.11078200e-01 6.08169958e-01 6.05276203e-01 6.02396939e-01 5.99532161e-01 5.96681864e-01 5.93846037e-01 5.91024668e-01 5.88217738e-01 5.85425229e-01 5.82647118e-01 5.79883379e-01 5.77133984e-01 5.74398903e-01 5.71678103e-01 5.68971549e-01 5.66279206e-01 5.63601033e-01 5.60936990e-01 5.58287035e-01 5.55651125e-01 5.53029214e-01 5.50421255e-01 5.47827200e-01 5.45247000e-01 5.42680604e-01 5.40127961e-01 5.37589018e-01 5.35063721e-01 5.32552016e-01 5.30053847e-01 5.27569158e-01 5.25097892e-01 5.22639992e-01 5.20195398e-01 5.17764051e-01 5.15345893e-01 5.12940863e-01 5.10548900e-01 5.08169944e-01 5.05803931e-01 5.03450802e-01 5.01110493e-01
 Inf 4.89495373e-01 5.06149902e-01 5.24043050e-01 5.42392716e-01 5.60960169e-01 5.79641808e-01 5.98383825e-01 6.17154982e-01 6.35935706e-01 6.54713040e-01 6.73478034e-01 6.92224308e-01 7.10947191e-01 7.29643193e-01 7.48309664e-01 7.44948110e-01 7.41583586e-01 7.38217912e-01 7.34852685e-01 7.31489312e-01 7.28129046e-01 7.24772998e-01 7.21422167e-01 7.18077446e-01 7.14739639e-01 7.11409474e-01 7.08087608e-01 7.04774637e-01 7.01471100e-01 6.98177491e-01 6.94894256e-01 6.91621804e-01 6.88360507e-01 6.85110705e-01 6.81872708e-01 6.78646798e-01 6.75433235e-01 6.72232254e-01 6.69044070e-01 6.65868880e-01 6.62706861e-01 6.59558178e-01 6.56422976e-01 6.53301391e-01 6.50193542e-01 6.47099539e-01 6.44019479e-01 6.40953451e-01 6.37901532e-01 6.34863791e-01 6.31840289e-01 6.28831079e-01 6.25836207e-01 6.22855711e-01 6.19889624e-01 6.16937972e-01 6.14000777e-01 6.11078053e-01 6.08169811e-01 6.05276058e-01 6.02396794e-01 5.99532017e-01 5.96681721e-01 5.93845896e-01 5.91024527e-01 5.88217599e-01 5.85425091e-01 5.82646980e-01 5.79883242e-01 5.77133848e-01 5.74398768e-01 5.71677969e-01 5.68971416e-01 5.66279073e-01 5.63600901e-01 5.60936859e-01 5.58286906e-01 5.55650996e-01 5.53029086e-01 5.50421128e-01 5.47827074e-01 5.45246875e-01 5.42680480e-01 5.40127837e-01 5.37588895e-01 5.35063599e-01 5.32551895e-01 5.30053727e-01 5.27569039e-01 5.25097774e-01 5.22639874e-01 5.20195280e-01 5.17763935e-01 5.15345778e-01 5.12940748e-01 5.10548786e-01 5.08169830e-01 5.05803819e-01 5.03450690e-01 5.01110381e-01
 8.73000000e-01
 1.05000000e+02
 0.00000000e+00
 1.00000000e+00
 1.00000000e+01
 1.00000000e+00
 2.50000000e-01 0.00000000e+00
 5.25860000e+00
 5.10000000e+01
 1.01000000e+02
 1.00000000e+02
 1.05000298e+02
 5.10000000e+01
 5.69000000e-02
 1.01000000e+02
 5.00000000e-01
 5.00000000e-01 1.05000000e+02
 3.00000000e-01
 9.50000000e+01
 0.00000000e+00 1.00000000e-02 2.00000000e-02 3.00000000e-02 4.00000000e-02 5.00000000e-02 6.00000000e-02 7.00000000e-02 8.00000000e-02 9.00000000e-02 1.00000000e-01 1.10000000e-01 1.20000000e-01 1.30000000e-01 1.40000000e-01 1.50000000e-01 1.60000000e-01 1.70000000e-01 1.80000000e-01 1.90000000e-01 2.00000000e-01 2.10000000e-01 2.20000000e-01 2.30000000e-01 2.40000000e-01 2.50000000e-01 2.60000000e-01 2.70000000e-01 2.80000000e-01 2.90000000e-01 3.00000000e-01 3.10000000e-01 3.20000000e-01 3.30000000e-01 3.40000000e-01 3.50000000e-01 3.60000000e-01 3.70000000e-01 3.80000000e-01 3.90000000e-01 4.00000000e-01 4.10000000e-01 4.20000000e-01 4.30000000e-01 4.40000000e-01 4.50000000e-01 4.60000000e-01 4.70000000e-01 4.80000000e-01 4.90000000e-01 5.00000000e-01
 9.50000000e+01 9.51000000e+01 9.52000000e+01 9.53000000e+01 9.54000000e+01 9.55000000e+01 9.56000000e+01 9.57000000e+01 9.58000000e+01 9.59000000e+01 9.60000000e+01 9.61000000e+01 9.62000000e+01 9.63000000e+01 9.64000000e+01 9.65000000e+01 9.66000000e+01 9.67000000e+01 9.68000000e+01 9.69000000e+01 9.70000000e+01 9.71000000e+01 9.72000000e+01 9.73000000e+01 9.74000000e+01 9.75000000e+01 9.76000000e+01 9.77000000e+01 9.78000000e+01 9.79000000e+01 9.80000000e+01 9.81000000e+01 9.82000000e+01 9.83000000e+01 9.84000000e+01 9.85000000e+01 9.86000000e+01 9.87000000e+01 9.88000000e+01 9.89000000e+01 9.90000000e+01 9.91000000e+01 9.92000000e+01 9.93000000e+01 9.94000000e+01 9.95000000e+01 9.96000000e+01 9.97000000e+01 9.98000000e+01 9.99000000e+01 1.00000000e+02 1.00100000e+02 1.00200000e+02 1.00300000e+02 1.00400000e+02 1.00500000e+02 1.00600000e+02 1.00700000e+02 1.00800000e+02 1.00900000e+02 1.01000000e+02 1.01100000e+02 1.01200000e+02 1.01300000e+02 1.01400000e+02 1.01500000e+02 1.01600000e+02 1.01700000e+02 1.01800000e+02 1.01900000e+02 1.02000000e+02 1.02100000e+02 1.02200000e+02 1.02300000e+02 1.02400000e+02 1.02500000e+02 1.02600000e+02 1.02700000e+02 1.02800000e+02 1.02900000e+02 1.03000000e+02 1.03100000e+02 1.03200000e+02 1.03300000e+02 1.03400000e+02 1.03500000e+02 1.03600000e+02 1.03700000e+02 1.03800000e+02 1.03900000e+02 1.04000000e+02 1.04100000e+02 1.04200000e+02 1.04300000e+02 1.04400000e+02 1.04500000e+02 1.04600000e+02 1.04700000e+02 1.04800000e+02 1.04900000e+02 1.05000000e+02
